[  0.295   4.092   2.932   0.      0.069   1.522   0.465   0.585   0.887
   3.834   0.027   0.001   0.027   0.109   0.11    0.      0.      0.
   0.587   1.067   0.004   0.519   2.863   0.      0.066   4.363   0.859
   0.992   1.739   0.016   0.382   2.324   2.576   0.031   0.152   3.333
   0.      0.081   0.007   0.      0.008   0.      0.225   8.086  32.717
   0.308   0.339   0.651   2.938  13.216   0.5     4.549   0.      0.003
   0.007   0.084   0.001   0.002   0.087   0.467   0.001   2.27    0.019
   0.126   0.168   4.55 ]The cluster centers for K=5
[[     0.152      2.757      1.409      0.         0.047      0.811
       0.346      0.454      0.539      1.851      0.023      0.001
       0.021      0.106      0.108      0.         0.         0.         0.453
       0.899      0.001      0.377      1.638      0.         0.03
       2.092      0.649      0.741      0.898      0.007      0.229
       1.34       1.347      0.019      0.097      1.784      0.         0.04
       0.006      0.         0.004      0.         0.137      4.514
      15.557      0.139      0.219      0.353      1.575      6.947
       0.229      2.354      0.         0.003      0.001      0.002
       0.001      0.001      0.002      0.35       0.001      1.351
       0.015      0.101      0.133      2.406]
 [  2160.      3538.         0.         0.         0.      3058.         0.
       1.      2133.         0.         0.         0.         0.         0.
       0.         0.         0.         0.         0.         0.         0.
       0.     12967.         0.         0.      2251.         1.         5.
    5071.         0.         0.         6.         0.         0.         0.
     301.         0.         0.         0.         0.         0.         0.
       3.     14919.        12.         4.         0.         3.        14.
      58.      2238.      4307.         0.         0.         0.      2161.
       0.         0.      2143.         0.         0.         0.         0.
       0.         0.         2.   ]
 [     0.         7.         1.         0.         0.      4325.         0.
       1.      2195.         1.         0.         0.         0.         0.
       0.         0.         0.         0.         1.         0.         0.
       0.      3440.         0.         0.      2245.         1.         1.
    4282.         0.         0.         0.         0.         0.         0.
       0.         0.         0.         0.         0.         0.         0.
       0.      8891.      4425.      2270.         0.         0.         1.
       0.         3.      6696.         0.         0.         0.         0.
       0.         0.         0.         0.         0.         0.         0.
       0.         0.         1.   ]
 [     2.595     38.58      46.217      0.003      0.781     14.372
       2.289      4.275      6.326     58.792      0.182      0.006
       0.264      0.142      0.107      0.         0.007     -0.         4.687
       4.359      0.041      3.118     21.389      0.001      1.081
      65.345      7.081      8.262     16.236      0.026      6.124
      32.701     36.984      0.477      2.051     46.818     -0.         1.073
       0.053      0.001      0.148      0.         3.335     90.896
     530.491      2.772      4.644      9.994     46.934    209.766
       6.299     59.212     -0.         0.024      0.033      0.043     -0.
       0.033      0.073      2.268      0.011     35.858      0.167      1.
       1.511     64.722]
 [     4.161    173.071    218.732     -0.         1.821     62.357
      36.911     19.571     28.661    302.054      0.339      0.018
       0.196      1.125      1.179     -0.         0.018      0.        16.125
      43.411      0.625     38.571     87.554     -0.         5.25     290.
      27.393     34.732     71.411      4.214      4.25     111.357
     182.946      0.5        3.696    223.75       0.         8.161     -0.
       0.         0.214     -0.         5.054    322.482   2254.75
      12.893      6.089     31.857    129.518    668.375     22.679
     215.25       0.         0.018      2.875      2.786      0.         0.018
       3.929     36.232      0.018     38.679      0.286      1.25
       1.143    317.321]]
The size of cluster 0 is 27869
The size of cluster 1 is 1
The size of cluster 2 is 1
The size of cluster 3 is 702
The size of cluster 4 is 56
The inertia is 508884385.638




