[ 0.014  0.116  0.065  0.007  0.106  0.035  0.026  0.249  0.04   0.203
  0.226  0.042  0.075  0.185  0.169  0.014  0.045  0.01   0.251  0.062
  0.01   0.029  0.022  0.007  0.021  0.194  0.291  0.178  0.034  0.008
  0.157  0.365  0.251  0.051  0.185  0.249  0.005  0.04   0.017  0.021
  0.092  0.003  0.293  0.054  0.46   0.014  0.185  0.249  0.338  0.275
  0.022  0.068  0.006  0.105  0.005  0.004  0.006  0.024  0.004  0.027
  0.026  0.072  0.106  0.306  0.107  0.253]The cluster centers for K=2
[[  0.007   0.08    0.036   0.004   0.07    0.02    0.019   0.196   0.025
    0.115   0.187   0.036   0.047   0.179   0.165   0.014   0.021   0.011
    0.198   0.052   0.004   0.021   0.013   0.004   0.01    0.114   0.226
    0.137   0.019   0.004   0.117   0.234   0.146   0.028   0.118   0.149
    0.005   0.023   0.012   0.018   0.051   0.004   0.166   0.033   0.276
    0.007   0.12    0.143   0.194   0.157   0.012   0.04    0.006   0.083
    0.      0.      0.006   0.013   0.      0.02    0.019   0.037   0.066
    0.211   0.065   0.149]
 [  0.347   1.996   1.63    0.189   2.      0.843   0.389   3.058   0.842
    4.855   2.264   0.377   1.567   0.499   0.398  -0.      1.321   0.
    3.082   0.614   0.345   0.475   0.505   0.189   0.579   4.434   3.762
    2.381   0.84    0.232   2.264   7.329   5.817   1.229   3.707   5.548
    0.      0.969   0.312   0.189   2.285  -0.      6.988   1.183  10.192
    0.347   3.632   5.908   7.974   6.525   0.589   1.535  -0.      1.258
    0.242   0.205  -0.      0.629   0.212   0.396   0.425   1.922   2.254
    5.352   2.323   5.758]]
The size of cluster 0 is 28099
The size of cluster 1 is 530
The inertia is 2611376.41361




The cluster centers for K=3
[[  0.007   0.075   0.033   0.004   0.061   0.018   0.019   0.186   0.024
    0.104   0.17    0.029   0.042   0.179   0.166   0.007   0.018   0.011
    0.187   0.05    0.004   0.02    0.012   0.004   0.009   0.102   0.214
    0.13    0.018   0.004   0.101   0.215   0.133   0.023   0.102   0.136
    0.005   0.02    0.007   0.018   0.041   0.004   0.14    0.03    0.249
    0.007   0.107   0.123   0.168   0.136   0.01    0.036   0.006   0.074
    0.      0.      0.006   0.01    0.      0.019   0.016   0.032   0.06
    0.194   0.057   0.135]
 [  0.136   1.275   1.05    0.14    1.783   0.366   0.179   2.181   0.316
    3.507   2.329   0.562   1.338   0.29    0.175   0.281   1.124   0.
    2.182   0.358   0.257   0.251   0.185   0.14    0.235   3.173   2.717
    1.587   0.346   0.155   2.221   5.68    4.244   1.081   3.092   4.073
    0.      0.604   0.441   0.14    1.998  -0.      5.855   0.689   7.804
    0.123   3.127   4.96    6.518   5.349   0.316   0.966  -0.      1.311
    0.042   0.003  -0.      0.562   0.004   0.186   0.421   1.567   1.896
    4.532   2.026   4.202]
 [  6.615  19.487  11.443   0.      3.365  14.564   6.268  23.059  16.441
   25.562   4.688   0.      1.215   6.462   6.442   0.      0.      0.
   25.534   7.483   0.      6.603   9.925   0.     11.041  28.046  26.419
   21.785  15.14    1.052   6.044  24.941  27.274   1.512  14.71   26.94
    0.      9.468   0.      0.      4.167   0.     18.831  13.759  41.668
    7.018   5.738  11.782  20.524  15.324   8.035  15.445   0.      0.
    6.25    6.701  -0.      0.694   6.88    6.264   0.      2.95    1.736
    7.47    1.147  28.984]]
The size of cluster 0 is 27901
The size of cluster 1 is 712
The size of cluster 2 is 16
The inertia is 2470891.66072




The cluster centers for K=4
[[   0.007    0.076    0.034    0.004    0.062    0.019    0.019    0.188
     0.024    0.105    0.171    0.029    0.043    0.179    0.166    0.007
     0.       0.011    0.188    0.051    0.004    0.02     0.012    0.004
     0.009    0.104    0.216    0.131    0.018    0.004    0.102    0.217
     0.135    0.025    0.104    0.138    0.005    0.02     0.008    0.018
     0.044    0.004    0.147    0.031    0.253    0.007    0.108    0.128
     0.172    0.14     0.011    0.037    0.006    0.074    0.       0.
     0.006    0.01     0.       0.02     0.016    0.032    0.061    0.196
     0.057    0.137]
 [   0.14     1.344    1.115    0.148    1.872    0.395    0.173    2.25
     0.343    3.67     2.399    0.593    1.401    0.292    0.18     0.297
    -0.       0.       2.343    0.358    0.271    0.247    0.199    0.148
     0.38     3.318    2.872    1.732    0.37     0.163    2.305    6.002
     4.484    1.082    3.313    4.322    0.       0.626    0.397    0.148
     1.747   -0.       6.077    0.718    8.149    0.128    3.251    5.076
     6.888    5.607    0.318    1.001   -0.       1.385    0.043    0.002
    -0.       0.544    0.004    0.178    0.445    1.648    1.978    4.748
     2.116    4.408]
 [   9.516   25.397   13.262    0.       4.615   19.807    9.116   30.716
    22.348   32.599    6.061    0.       1.01     9.399    9.231    0.
    -0.       0.      29.681   10.742    0.       9.604   13.795    0.
     6.481   34.611   30.878   23.365   20.788    1.53     8.792   27.958
    29.537    1.76    12.971   30.176    0.      13.321    0.       0.
     1.01     0.      14.522   18.786   48.813   10.196    6.21    10.484
    14.619   10.796   11.402   21.527    0.      -0.       9.091    9.747
     0.       1.01     9.948    9.112    0.       4.078    1.515    7.095
     0.921   36.348]
 [   0.1      1.065    1.66     0.       0.       0.288   -0.       2.39
     0.291    2.127    0.641    0.       0.214   -0.       0.       0.
   100.       0.       1.183    0.04     0.      -0.       0.149    0.
     0.922    2.266    2.295    1.882    0.329    0.038    0.       1.425
     4.25    -0.       1.22     2.313    0.       0.685    0.894    0.
    16.239    0.       1.299    0.648    4.871    0.034    1.681    3.271
     4.607    3.044    0.454    0.718    0.       0.       0.       0.
    -0.       1.709    0.029   -0.       0.       0.137    0.       0.938
     0.584    2.524]]
The size of cluster 0 is 27931
The size of cluster 1 is 674
The size of cluster 2 is 11
The size of cluster 3 is 13
The inertia is 2334461.14208




The cluster centers for K=5
[[   0.006    0.067    0.027   -0.       0.054    0.017    0.017    0.174
     0.022    0.088    0.143    0.022    0.029    0.179    0.166    0.007
     0.       0.011    0.173    0.048    0.004    0.018    0.011    0.004
     0.007    0.089    0.199    0.12     0.016    0.003    0.091    0.185
     0.114    0.02     0.086    0.116    0.005    0.018    0.004    0.018
     0.035    0.004    0.108    0.027    0.213    0.006    0.091    0.1
     0.139    0.114    0.009    0.032    0.006    0.039    0.       0.
     0.002    0.008    0.       0.018    0.009    0.027    0.043    0.158
     0.043    0.115]
 [   0.114    0.97     0.801    0.198    1.275    0.264    0.171    1.668
     0.246    2.419    2.252    0.495    1.279    0.263    0.178    0.198
    -0.       0.       1.837    0.328    0.085    0.222    0.141    0.099
     0.176    2.128    2.079    1.262    0.254    0.015    1.769    4.164
     2.862    0.835    2.344    2.817    0.       0.389    0.362    0.099
     1.166   -0.       4.52     0.496    5.404    0.082    2.243    3.402
     4.327    3.446    0.223    0.675    0.       1.815    0.033    0.002
     0.099    0.44     0.003    0.176    0.47     1.21     1.639    4.071
     1.745    2.968]
 [  50.      50.099    0.011    0.       0.      85.353    0.       0.426
    98.588    0.026    0.       0.       0.       0.       0.       0.
     0.       0.       0.214    0.       0.       0.      63.264    0.
     0.      99.867    0.339    0.54    92.22     0.       0.       0.471
     0.       0.       0.      11.257    0.       0.       0.       0.
     0.       0.       1.948   79.798   31.172   50.088    0.       0.575
     0.862    0.602   50.067   82.161    0.       0.       0.      50.
     0.       0.      50.       0.       0.       0.       0.       0.
     0.       0.083]
 [   0.35     5.548    4.279    0.       4.118    1.661    1.561    9.27
     1.538   14.007    3.59     1.538    0.983    1.695    1.704    0.
    -0.      -0.       8.488    1.969    1.626    1.673    0.832    0.
     3.354   11.265   11.025    7.648    1.577    1.813    3.28    17.396
    16.935    0.844    8.105   15.936   -0.       3.899    0.      -0.
     4.444    0.      12.707    2.308   26.194    0.526    7.987   13.952
    21.774   18.225    1.003    3.401   -0.       1.538    1.538    0.111
     0.       0.171    0.156    1.554    0.385    1.497    3.077    4.465
     1.383   15.889]
 [   0.1      1.065    1.66     0.       0.       0.288   -0.       2.39
     0.291    2.127    0.641    0.       0.214   -0.       0.       0.
   100.       0.       1.183    0.04     0.      -0.       0.149    0.
     0.922    2.266    2.295    1.882    0.329    0.038    0.       1.425
     4.25    -0.       1.22     2.313    0.       0.685    0.894    0.
    16.239    0.       1.299    0.648    4.871    0.034    1.681    3.271
     4.607    3.044    0.454    0.718    0.       0.       0.       0.
    -0.       1.709    0.029   -0.       0.       0.137    0.       0.938
     0.584    2.524]]
The size of cluster 0 is 27539
The size of cluster 1 is 1010
The size of cluster 2 is 2
The size of cluster 3 is 65
The size of cluster 4 is 13
The inertia is 2214291.11889




The cluster centers for K=6
[[   0.006    0.067    0.027   -0.       0.054    0.017    0.017    0.174
     0.022    0.088    0.145    0.025    0.029    0.179    0.166    0.007
     0.       0.011    0.172    0.048    0.004    0.018    0.011    0.004
     0.007    0.088    0.199    0.12     0.016    0.003    0.091    0.184
     0.113    0.02     0.087    0.116    0.005    0.018    0.004    0.018
     0.034    0.004    0.107    0.027    0.213    0.006    0.091    0.1
     0.138    0.114    0.009    0.032    0.006   -0.       0.       0.
     0.002    0.008    0.       0.018    0.01     0.027    0.043    0.157
     0.043    0.115]
 [  50.      50.099    0.011    0.       0.      85.353    0.       0.426
    98.588    0.026    0.       0.       0.       0.       0.       0.
     0.       0.       0.214    0.       0.       0.      63.264    0.
     0.      99.867    0.339    0.54    92.22     0.       0.       0.471
     0.       0.       0.      11.257    0.       0.       0.       0.
     0.       0.       1.948   79.798   31.172   50.088    0.       0.575
     0.862    0.602   50.067   82.161    0.       0.       0.      50.
     0.       0.      50.       0.       0.       0.       0.       0.
     0.       0.083]
 [   0.067    0.726    0.864    0.       0.526    0.158    0.74     1.372
     0.242    0.78     4.715    3.289    0.914    0.245    0.385    2.632
    -0.      -0.       1.788    0.908    0.038    0.85     0.132    0.
     0.154    0.835    1.677    0.949    0.159    0.007    1.321    1.543
     0.937    0.509    0.883    0.804   -0.       0.378    0.      -0.
     0.292    0.       2.546    0.294    2.21     0.046    2.308    1.966
     2.258    1.936    0.155    0.445   -0.      39.035   -0.      -0.
     0.      -0.      -0.       0.764    0.987    0.152    0.365    1.669
     0.75     1.039]
 [   0.1      1.065    1.66     0.       0.       0.288   -0.       2.39
     0.291    2.127    0.641    0.       0.214   -0.       0.       0.
   100.       0.       1.183    0.04     0.      -0.       0.149    0.
     0.922    2.266    2.295    1.882    0.329    0.038    0.       1.425
     4.25    -0.       1.22     2.313    0.       0.685    0.894    0.
    16.239    0.       1.299    0.648    4.871    0.034    1.681    3.271
     4.607    3.044    0.454    0.718    0.       0.       0.       0.
    -0.       1.709    0.029   -0.       0.       0.137    0.       0.938
     0.584    2.524]
 [   0.115    0.963    0.773    0.206    1.286    0.266    0.12     1.653
     0.242    2.48     2.01     0.206    1.263    0.259    0.162   -0.
    -0.       0.       1.804    0.268    0.08     0.165    0.138    0.103
     0.179    2.175    2.058    1.255    0.255    0.014    1.735    4.252
     2.934    0.835    2.382    2.887    0.       0.389    0.376    0.103
     1.203   -0.       4.567    0.497    5.493    0.082    2.16     3.439
     4.404    3.495    0.224    0.676    0.       0.       0.034    0.002
     0.103    0.458    0.003    0.124    0.412    1.254    1.695    4.164
     1.773    3.036]
 [   0.342    5.579    4.334    0.       4.249    1.683    1.61     9.341
     1.554   14.314    2.513    0.794    0.97     1.722    1.734    0.
    -0.      -0.       8.588    2.031    1.633    1.726    0.846    0.
     3.35    11.464   11.176    7.779    1.599    1.87     3.384   17.782
    17.386    0.794    8.072   16.335   -0.       3.764    0.      -0.
     4.586    0.      12.348    2.322   26.686    0.535    7.928   13.714
    21.671   18.269    0.958    3.399   -0.       0.529    1.587    0.115
     0.       0.176    0.161    1.604   -0.       1.492    2.998    4.336
     1.266   16.204]]
The size of cluster 0 is 27505
The size of cluster 1 is 2
The size of cluster 2 is 76
The size of cluster 3 is 13
The size of cluster 4 is 970
The size of cluster 5 is 63
The inertia is 2102032.67515




The cluster centers for K=7
[[   0.137    1.172    0.793    0.154    1.921    0.379    0.081    2.006
     0.312    3.303    1.959    0.384    0.294    0.234    0.139   -0.
    -0.       0.       2.183    0.193    0.272    0.134    0.179    0.154
     0.36     3.321    2.642    1.592    0.358    0.165    2.568    5.831
     4.279    0.897    3.312    4.16     0.       0.598    0.504    0.077
     1.843   -0.       6.382    0.703    8.       0.132    2.822    5.306
     6.861    5.73     0.309    0.999   -0.      -0.       0.046    0.003
    -0.       0.614    0.003    0.083    0.307    0.383    0.393    1.412
     0.477    3.769]
 [   0.007    0.074    0.033    0.004    0.058    0.018    0.019    0.184
     0.024    0.101    0.167    0.025    0.036    0.18     0.166    0.007
     0.       0.011    0.184    0.05     0.004    0.02     0.012    0.004
     0.009    0.099    0.211    0.128    0.017    0.003    0.094    0.21
     0.13     0.023    0.099    0.133    0.005    0.02     0.006    0.018
     0.039    0.004    0.131    0.029    0.242    0.007    0.106    0.116
     0.162    0.13     0.01     0.035    0.006   -0.       0.       0.
     0.006    0.009    0.       0.019    0.016    0.03     0.048    0.178
     0.051    0.131]
 [   0.1      1.065    1.66     0.       0.       0.288   -0.       2.39
     0.291    2.127    0.641    0.       0.214   -0.       0.       0.
   100.       0.       1.183    0.04     0.      -0.       0.149    0.
     0.922    2.266    2.295    1.882    0.329    0.038    0.       1.425
     4.25    -0.       1.22     2.313    0.       0.685    0.894    0.
    16.239    0.       1.299    0.648    4.871    0.034    1.681    3.271
     4.607    3.044    0.454    0.718    0.       0.       0.       0.
    -0.       1.709    0.029   -0.       0.       0.137    0.       0.938
     0.584    2.524]
 [   0.424   16.106   15.218    0.       4.487    4.318    8.357   30.426
     4.56    33.184    5.556    0.       1.157    8.616    8.462    0.
    -0.       0.      28.454    9.963    0.       8.803    2.281    0.
     6.388   19.547   30.65    22.707    4.01     1.403    8.059   31.018
    34.938    2.016   13.821   32.816    0.      12.541    0.       0.
     4.63     0.      16.883    4.25    47.92     0.999    6.603   14.623
    26.398   19.445    2.216    6.228    0.       0.       8.333    0.602
     0.       0.926    0.84     8.353    0.       3.828    2.315    9.146
     1.319   36.873]
 [  50.      50.099    0.011    0.       0.      85.353    0.       0.426
    98.588    0.026    0.       0.       0.       0.       0.       0.
     0.       0.       0.214    0.       0.       0.      63.264    0.
     0.      99.867    0.339    0.54    92.22     0.       0.       0.471
     0.       0.       0.      11.257    0.       0.       0.       0.
     0.       0.       1.948   79.798   31.172   50.088    0.       0.575
     0.862    0.602   50.067   82.161    0.       0.       0.      50.
     0.       0.      50.       0.       0.       0.       0.       0.
     0.       0.083]
 [   0.062    1.159    1.605    0.       0.689    0.166    0.168    1.832
     0.243    3.3      1.27    -0.       8.254    0.226    0.176    0.
    -0.      -0.       1.29     0.584    0.027    0.241    0.151    0.
     0.072    1.139    2.008    1.297    0.145    0.028    0.074    2.811
     2.185    1.475    1.092    2.096   -0.       0.141    0.       0.476
     0.635    0.       1.398    0.302    3.411    0.019    1.291    0.938
     1.386    0.914    0.138    0.297   -0.       0.      -0.       0.
     0.      -0.       0.008    0.174    0.238    8.645   13.439   25.296
    11.953    5.459]
 [   0.072    0.837    0.852    0.       0.519    0.18     0.731    1.464
     0.259    0.854    4.654    3.247    0.902    0.264    0.38     2.597
    -0.      -0.       1.954    0.898    0.037    0.839    0.133    0.
     0.213    0.846    1.818    1.018    0.175    0.019    1.304    1.67
     1.11     0.524    1.109    0.944   -0.       0.379    0.      -0.
     0.289    0.       2.614    0.323    2.408    0.046    3.577    2.075
     2.387    2.033    0.16     0.477   -0.      38.961   -0.      -0.
     0.      -0.      -0.       0.754    0.974    0.15     0.361    1.679
     0.74     1.129]]
The size of cluster 0 is 651
The size of cluster 1 is 27769
The size of cluster 2 is 13
The size of cluster 3 is 12
The size of cluster 4 is 2
The size of cluster 5 is 105
The size of cluster 6 is 77
The inertia is 2001945.39189




The cluster centers for K=8
[[   0.005    0.067    0.028   -0.       0.052    0.016    0.017    0.172
     0.022    0.087    0.145    0.024    0.033    0.18     0.166    0.007
     0.       0.011    0.17     0.048    0.004    0.018    0.011    0.004
     0.007    0.086    0.197    0.118    0.015    0.003    0.081    0.182
     0.111    0.022    0.086    0.113    0.005    0.017    0.004    0.018
     0.033    0.004    0.102    0.026    0.208    0.006    0.091    0.093
     0.13     0.107    0.009    0.03     0.006   -0.       0.       0.
     0.006    0.008    0.       0.018    0.01     0.029    0.046    0.169
     0.048    0.115]
 [   0.063    1.185    1.545    0.       0.894    0.174    0.168    1.844
     0.257    3.299    1.27    -0.       8.307    0.226    0.176    0.
    -0.      -0.       1.408    0.589    0.027    0.241    0.162    0.
     0.072    1.14     2.111    1.357    0.15     0.028    0.074    2.796
     2.2      1.475    1.115    2.112   -0.       0.146    0.       0.476
     0.635    0.       1.645    0.315    3.377    0.022    1.301    0.971
     1.413    0.934    0.145    0.31    -0.       0.       0.006    0.
     0.      -0.       0.008    0.174    0.238    8.579   13.439   25.343
    11.995    5.463]
 [   0.633   24.958   39.526    0.       8.205    8.378   33.408   88.936
    10.326   36.577   22.222    0.       3.704   33.333   33.333    0.
     0.       0.      97.293   38.46     0.      33.465    2.941    0.
     0.946   20.228   78.418   69.964    7.895    0.33     8.093   13.762
    11.381    5.376   27.236   14.759    0.       0.825    0.       0.
     0.       0.      13.853    8.432   40.073    1.718   17.668   10.217
    16.169   13.018    2.368    7.532    0.       0.      33.333    2.406
     0.       3.704    3.142   33.391    0.       7.905    1.852   21.951
     1.688   46.16 ]
 [   0.1      1.065    1.66     0.       0.       0.288   -0.       2.39
     0.291    2.127    0.641    0.       0.214   -0.       0.       0.
   100.       0.       1.183    0.04     0.      -0.       0.149    0.
     0.922    2.266    2.295    1.882    0.329    0.038    0.       1.425
     4.25    -0.       1.22     2.313    0.       0.685    0.894    0.
    16.239    0.       1.299    0.648    4.871    0.034    1.681    3.271
     4.607    3.044    0.454    0.718    0.       0.       0.       0.
    -0.       1.709    0.029   -0.       0.       0.137    0.       0.938
     0.584    2.524]
 [  50.      50.099    0.011    0.       0.      85.353    0.       0.426
    98.588    0.026    0.       0.       0.       0.       0.       0.
     0.       0.       0.214    0.       0.       0.      63.264    0.
     0.      99.867    0.339    0.54    92.22     0.       0.       0.471
     0.       0.       0.      11.257    0.       0.       0.       0.
     0.       0.       1.948   79.798   31.172   50.088    0.       0.575
     0.862    0.602   50.067   82.161    0.       0.       0.      50.
     0.       0.      50.       0.       0.       0.       0.       0.
     0.       0.083]
 [   0.281    4.149    2.347    0.       3.575    1.245    0.018    4.7
     0.977   12.241    1.471    0.735    0.572    0.15     0.09     0.
    -0.      -0.       3.576    0.18     1.471    0.123    0.662    0.
     3.085   10.757    7.034    4.131    1.181    1.718    2.778   18.183
    17.402    0.498    6.151   16.586   -0.       3.604    0.      -0.
     4.575    0.      10.714    1.889   25.43     0.42     6.405   12.886
    19.708   16.597    0.85     2.869   -0.       0.49     0.118   -0.
     0.      -0.       0.01     0.013   -0.       0.933    0.899    2.116
     0.754   13.648]
 [   0.067    0.726    0.864    0.       0.526    0.158    0.74     1.372
     0.242    0.78     4.715    3.289    0.914    0.245    0.385    2.632
    -0.      -0.       1.788    0.908    0.038    0.85     0.132    0.
     0.154    0.835    1.677    0.949    0.159    0.007    1.321    1.543
     0.937    0.509    0.883    0.804   -0.       0.378    0.      -0.
     0.292    0.       2.546    0.294    2.21     0.046    2.308    1.966
     2.258    1.936    0.155    0.445   -0.      39.035   -0.      -0.
     0.      -0.      -0.       0.764    0.987    0.152    0.365    1.669
     0.75     1.039]
 [   0.118    0.895    0.643    0.221    1.334    0.274    0.108    1.635
     0.242    2.253    2.021    0.277    0.271    0.238    0.165   -0.
    -0.       0.       1.859    0.216    0.095    0.151    0.134    0.111
     0.189    2.205    2.037    1.255    0.268    0.012    2.161    4.129
     2.821    0.672    2.471    2.794    0.       0.406    0.404    0.055
     1.243   -0.       4.906    0.509    5.477    0.1      2.202    3.757
     4.798    3.832    0.229    0.728    0.       0.       0.024    0.002
    -0.       0.492    0.002    0.112    0.415    0.292    0.32     1.232
     0.402    2.583]]
The size of cluster 0 is 27459
The size of cluster 1 is 105
The size of cluster 2 is 3
The size of cluster 3 is 13
The size of cluster 4 is 2
The size of cluster 5 is 68
The size of cluster 6 is 76
The size of cluster 7 is 903
The inertia is 1892971.26009




The cluster centers for K=9
[[   0.005    0.067    0.027   -0.       0.052    0.016    0.017    0.173
     0.022    0.087    0.144    0.025    0.033    0.18     0.166    0.007
     0.       0.011    0.172    0.048    0.004    0.018    0.011    0.004
     0.007    0.086    0.198    0.119    0.016    0.003    0.081    0.182
     0.111    0.02     0.085    0.113    0.005    0.018    0.004    0.018
     0.034    0.004    0.102    0.026    0.209    0.006    0.09     0.095
     0.132    0.11     0.009    0.031    0.006   -0.       0.       0.
     0.002    0.008    0.       0.018    0.009    0.028    0.045    0.168
     0.048    0.114]
 [   0.122    0.963    0.697    0.232    1.405    0.273    0.113    1.617
     0.238    2.441    2.124    0.174    0.283    0.244    0.162   -0.
    -0.       0.       1.805    0.223    0.089    0.159    0.135    0.116
     0.189    2.179    2.002    1.217    0.261    0.013    0.519    4.381
     2.99     0.751    2.631    2.879    0.       0.409    0.423    0.058
     1.275   -0.       5.15     0.506    5.571    0.068    2.326    3.732
     4.884    3.701    0.226    0.661    0.       0.       0.034    0.002
     0.116    0.515    0.002    0.117    0.463    0.33     0.341    1.306
     0.422    2.767]
 [   0.041    0.078    0.014    0.       0.215    0.283    0.       1.643
     0.274    0.261    0.775    1.163    0.       0.079    0.       0.
     0.       0.       2.017    0.053    0.      -0.       0.113    0.
     0.169    3.686    2.578    1.56     0.347   -0.      38.559    1.811
     1.835   -0.       0.113    3.665    0.       0.668   -0.       0.
     0.       0.       0.332    0.786    6.472    0.595    0.28     4.607
     3.51     6.569    0.378    2.102    0.       1.55     0.      -0.
    -0.       0.       0.002    0.      -0.      -0.       0.       0.284
    -0.       0.573]
 [   0.1      1.065    1.66     0.       0.       0.288   -0.       2.39
     0.291    2.127    0.641    0.       0.214   -0.       0.       0.
   100.       0.       1.183    0.04     0.      -0.       0.149    0.
     0.922    2.266    2.295    1.882    0.329    0.038    0.       1.425
     4.25    -0.       1.22     2.313    0.       0.685    0.894    0.
    16.239    0.       1.299    0.648    4.871    0.034    1.681    3.271
     4.607    3.044    0.454    0.718    0.       0.       0.       0.
    -0.       1.709    0.029   -0.       0.       0.137    0.       0.938
     0.584    2.524]
 [   0.063    1.185    1.545    0.       0.894    0.174    0.168    1.844
     0.257    3.299    1.27    -0.       8.307    0.226    0.176    0.
    -0.      -0.       1.408    0.589    0.027    0.241    0.162    0.
     0.072    1.14     2.111    1.357    0.15     0.028    0.074    2.796
     2.2      1.475    1.115    2.112   -0.       0.146    0.       0.476
     0.635    0.       1.645    0.315    3.377    0.022    1.301    0.971
     1.413    0.934    0.145    0.31    -0.       0.       0.006    0.
     0.      -0.       0.008    0.174    0.238    8.579   13.439   25.343
    11.995    5.463]
 [   0.633   24.958   39.526    0.       8.205    8.378   33.408   88.936
    10.326   36.577   22.222    0.       3.704   33.333   33.333    0.
     0.       0.      97.293   38.46     0.      33.465    2.941    0.
     0.946   20.228   78.418   69.964    7.895    0.33     8.093   13.762
    11.381    5.376   27.236   14.759    0.       0.825    0.       0.
     0.       0.      13.853    8.432   40.073    1.718   17.668   10.217
    16.169   13.018    2.368    7.532    0.       0.      33.333    2.406
     0.       3.704    3.142   33.391    0.       7.905    1.852   21.951
     1.688   46.16 ]
 [   0.316    4.365    2.381    0.       4.051    1.32     0.021    5.043
     1.06    12.703    1.528    0.833    0.648    0.141    0.103    0.
    -0.      -0.       3.932    0.2      1.667    0.139    0.723    0.
     3.465   11.144    7.458    4.43     1.257    1.947    1.968   18.728
    17.922    0.565    6.748   16.708   -0.       3.861   -0.      -0.
     5.185    0.      11.623    1.934   26.473    0.464    7.077   13.608
    21.182   18.012    0.863    3.017   -0.       0.556   -0.      -0.
     0.      -0.       0.012    0.014   -0.       1.033    1.019    2.276
     0.823   14.249]
 [   0.068    0.746    0.887    0.       0.437    0.152    0.76     1.346
     0.238    0.801    4.842    3.378    0.938    0.252    0.395    2.703
    -0.      -0.       1.663    0.933    0.039    0.873    0.128    0.
     0.136    0.798    1.603    0.914    0.151    0.007    0.072    1.57
     0.919    0.523    0.906    0.773   -0.       0.314    0.      -0.
     0.3      0.       2.615    0.259    2.093    0.023    2.319    1.621
     1.948    1.49     0.13     0.319   -0.      39.189   -0.      -0.
     0.      -0.      -0.       0.785    1.014    0.157    0.375    1.681
     0.77     1.054]
 [  50.      50.099    0.011    0.       0.      85.353    0.       0.426
    98.588    0.026    0.       0.       0.       0.       0.       0.
     0.       0.       0.214    0.       0.       0.      63.264    0.
     0.      99.867    0.339    0.54    92.22     0.       0.       0.471
     0.       0.       0.      11.257    0.       0.       0.       0.
     0.       0.       1.948   79.798   31.172   50.088    0.       0.575
     0.862    0.602   50.067   82.161    0.       0.       0.      50.
     0.       0.      50.       0.       0.       0.       0.       0.
     0.       0.083]]
The size of cluster 0 is 27466
The size of cluster 1 is 863
The size of cluster 2 is 43
The size of cluster 3 is 13
The size of cluster 4 is 105
The size of cluster 5 is 3
The size of cluster 6 is 60
The size of cluster 7 is 74
The size of cluster 8 is 2
The inertia is 1832557.56755




The cluster centers for K=10
[[   0.106    0.828    0.587    0.19     1.227    0.239    0.108    1.495
     0.219    1.996    2.123    0.       0.259    0.214    0.167   -0.
    -0.       0.       1.678    0.215    0.073    0.145    0.119   -0.
     0.166    1.886    1.803    1.125    0.235    0.011    1.962    3.642
     2.494    0.67     2.17     2.564    0.       0.361    0.318    0.048
     1.088   -0.       3.892    0.453    4.864    0.087    2.084    2.994
     3.809    2.987    0.205    0.648    0.       0.       0.021    0.002
     0.095    0.327    0.003    0.112    0.428    0.265    0.296    1.159
     0.387    2.282]
 [   0.005    0.064    0.026   -0.       0.048    0.015    0.017    0.165
     0.021    0.08     0.124   -0.       0.032    0.18     0.165    0.007
     0.       0.011    0.162    0.047    0.004    0.018    0.011    0.004
     0.006    0.079    0.19     0.114    0.014    0.003    0.072    0.167
     0.101    0.019    0.08     0.102    0.006    0.016    0.004    0.018
     0.028    0.004    0.091    0.024    0.19     0.005    0.082    0.084
     0.118    0.097    0.008    0.028    0.006   -0.       0.       0.
     0.002    0.008    0.       0.017    0.006    0.028    0.045    0.164
     0.045    0.106]
 [   0.1      1.065    1.66     0.       0.       0.288   -0.       2.39
     0.291    2.127    0.641    0.       0.214   -0.       0.       0.
   100.       0.       1.183    0.04     0.      -0.       0.149    0.
     0.922    2.266    2.295    1.882    0.329    0.038    0.       1.425
     4.25    -0.       1.22     2.313    0.       0.685    0.894    0.
    16.239    0.       1.299    0.648    4.871    0.034    1.681    3.271
     4.607    3.044    0.454    0.718    0.       0.       0.       0.
    -0.       1.709    0.029   -0.       0.       0.137    0.       0.938
     0.584    2.524]
 [   0.154    4.091    2.208    0.       1.923    1.012    0.001    3.54
     0.87    15.543    0.758    0.       0.505    0.154    0.07     0.
     0.       0.       2.098    0.14     2.273    0.146    0.628    0.
     4.051   10.998    5.601    3.225    0.922    2.633    3.264   27.89
    22.181    0.513    2.688   21.379    0.       4.242   -0.       0.
     1.768    0.       5.579    1.629   29.265    0.201    1.826    6.339
     9.543    5.598    0.9      2.292    0.      -0.       0.183   -0.
    -0.      -0.       0.001    0.001   -0.       1.669    1.263    1.552
     0.59    17.165]
 [   0.059    1.166    1.359    0.       0.92     0.155    0.172    1.694
     0.241    3.241    1.144   -0.       8.442    0.216    0.166    0.
    -0.      -0.       1.429    0.604   -0.       0.248    0.16     0.
     0.074    1.082    1.971    1.289    0.131    0.029    0.077    2.833
     2.124    0.253    1.088    2.129   -0.       0.078    0.       0.49
     0.654    0.       1.49     0.271    3.196    0.021    1.045    0.856
     1.039    0.763    0.087    0.225   -0.       0.       0.007    0.
     0.      -0.       0.002    0.179    0.245    8.623   13.235   25.562
    12.193    5.415]
 [   0.048    0.371    0.273    0.       0.334    0.157   -0.       1.425
     0.194    0.947   10.87    52.174    0.242    0.221    0.201    0.
     0.       0.       1.022    0.209    0.497   -0.       0.11     0.
     0.425    1.955    1.533    0.813    0.164    0.022    1.914    1.201
     0.723    0.07     0.583    0.829    0.       0.624    1.314    0.
     1.449    0.       3.162    0.284    3.931    0.092    0.618    2.432
     3.448    4.217    0.153    0.47     0.       7.246    0.       0.
    -0.       4.348    0.       0.       1.087    0.214    0.483    2.121
     0.715    1.089]
 [  50.      50.099    0.011    0.       0.      85.353    0.       0.426
    98.588    0.026    0.       0.       0.       0.       0.       0.
     0.       0.       0.214    0.       0.       0.      63.264    0.
     0.      99.867    0.339    0.54    92.22     0.       0.       0.471
     0.       0.       0.      11.257    0.       0.       0.       0.
     0.       0.       1.948   79.798   31.172   50.088    0.       0.575
     0.862    0.602   50.067   82.161    0.       0.       0.      50.
     0.       0.      50.       0.       0.       0.       0.       0.
     0.       0.083]
 [   0.633   24.958   39.526    0.       8.205    8.378   33.408   88.936
    10.326   36.577   22.222    0.       3.704   33.333   33.333    0.
     0.       0.      97.293   38.46     0.      33.465    2.941    0.
     0.946   20.228   78.418   69.964    7.895    0.33     8.093   13.762
    11.381    5.376   27.236   14.759    0.       0.825    0.       0.
     0.       0.      13.853    8.432   40.073    1.718   17.668   10.217
    16.169   13.018    2.368    7.532    0.       0.      33.333    2.406
     0.       3.704    3.142   33.391    0.       7.905    1.852   21.951
     1.688   46.16 ]
 [   0.296    2.316    1.612    0.       2.935    0.957    0.035    4.55
     0.695    4.588    2.436   -0.       0.556    0.261    0.237    0.
    -0.      -0.       4.471    0.208    0.088    0.065    0.401    1.538
     0.592    6.528    5.997    3.597    0.907    0.015    2.298    5.101
     6.55     1.886    6.623    4.926   -0.       1.462    0.      -0.
     4.957    0.      17.043    1.397   11.55     0.405    5.439   16.841
    24.605   22.301    0.619    2.231   -0.       0.513    0.01     0.008
     0.      -0.       0.011    0.03     0.385    0.621    1.197    2.627
     0.944    5.505]
 [   0.06     0.752    0.841    0.       0.556    0.163    0.781    1.318
     0.24     0.786    3.241   -0.       0.926    0.259    0.385    2.778
    -0.      -0.       1.887    0.96    -0.       0.897    0.13     0.
     0.131    0.761    1.728    0.959    0.16     0.021    1.395    1.609
     1.101    0.493    0.932    0.907   -0.       0.165    0.      -0.
     0.309    0.       2.128    0.289    2.254    0.042    3.552    1.612
     1.85     1.691    0.101    0.412   -0.      38.889   -0.      -0.
     0.      -0.      -0.       0.806    0.694    0.114    0.231    1.558
     0.65     1.03 ]]
The size of cluster 0 is 1052
The size of cluster 1 is 27253
The size of cluster 2 is 13
The size of cluster 3 is 44
The size of cluster 4 is 102
The size of cluster 5 is 23
The size of cluster 6 is 2
The size of cluster 7 is 3
The size of cluster 8 is 65
The size of cluster 9 is 72
The inertia is 1778845.09908




The cluster centers for K=11
[[   0.005    0.064    0.026   -0.       0.049    0.016    0.017    0.167
     0.021    0.081    0.102    0.011    0.032    0.18     0.166    0.004
     0.       0.011    0.165    0.047    0.004    0.018    0.011    0.004
     0.006    0.082    0.192    0.115    0.015    0.003    0.082    0.17
     0.103    0.02     0.081    0.105    0.005    0.017    0.004    0.018
     0.031    0.004    0.093    0.025    0.195    0.006    0.084    0.087
     0.122    0.102    0.008    0.029    0.006   -0.       0.       0.
     0.002    0.008    0.       0.017    0.004    0.028    0.045    0.164
     0.046    0.108]
 [   0.339    2.439    1.845    0.       3.657    1.043    0.036    4.809
     0.737    4.534    1.887    1.887    0.734    0.224    0.261    0.
    -0.       0.       4.919    0.165    0.054    0.068    0.43     1.887
     0.911    7.179    6.332    3.777    0.985    0.028    1.732    5.098
     6.272    0.943    7.478    4.619    0.       1.588   -0.       0.
     6.499    0.      18.133    1.444   12.423    0.445    8.114   18.398
    26.352   25.678    0.597    2.471   -0.       1.258    0.013   -0.
     0.      -0.       0.012    0.028   -0.       0.711    1.677    3.037
     1.326    5.43 ]
 [   0.633   24.958   39.526    0.       8.205    8.378   33.408   88.936
    10.326   36.577   22.222    0.       3.704   33.333   33.333    0.
     0.       0.      97.293   38.46     0.      33.465    2.941    0.
     0.946   20.228   78.418   69.964    7.895    0.33     8.093   13.762
    11.381    5.376   27.236   14.759    0.       0.825    0.       0.
     0.       0.      13.853    8.432   40.073    1.718   17.668   10.217
    16.169   13.018    2.368    7.532    0.       0.      33.333    2.406
     0.       3.704    3.142   33.391    0.       7.905    1.852   21.951
     1.688   46.16 ]
 [   0.175    4.556    2.355    0.       1.741    1.123    0.001    3.886
     0.976   16.942    0.877    0.       0.585    0.178    0.081    0.
     0.       0.       2.407    0.16     2.632    0.144    0.702    0.
     4.69    11.845    6.209    3.588    1.018    3.048    1.917   28.332
    23.293    0.594    3.081   23.092    0.       4.56     0.       0.
     2.047    0.       6.459    1.786   31.514    0.212    1.984    6.776
     9.964    5.55     0.942    2.395    0.       0.       0.212   -0.
    -0.       0.       0.001    0.002    0.       1.928    1.17     1.669
     0.666   18.614]
 [   0.055    0.642    0.865    0.       0.462    0.127    0.804    1.21
     0.219    0.707    2.976    2.857    0.952    0.242    0.33     0.
    -0.      -0.       1.551    0.983   -0.       0.923    0.121    0.
     0.045    0.685    1.458    0.825    0.127    0.007    0.076    1.469
     0.871    0.461    0.592    0.691   -0.       0.099    0.      -0.
     0.317    0.       2.078    0.211    1.849    0.015    2.123    1.084
     1.287    1.081    0.066    0.232   -0.      39.524   -0.      -0.
     0.      -0.      -0.       0.829   -0.       0.116    0.238    1.463
     0.669    0.906]
 [   0.111    0.91     0.654    0.218    1.356    0.245    0.12     1.536
     0.226    2.264    0.671    0.       0.257    0.229    0.171   -0.
    -0.       0.       1.705    0.227   -0.       0.162    0.124   -0.
     0.162    1.963    1.843    1.138    0.238    0.013    0.487    4.103
     2.858    0.679    2.366    2.771    0.       0.358    0.364    0.054
     1.1     -0.       4.367    0.461    5.205    0.066    2.208    3.275
     4.233    3.116    0.203    0.6      0.       0.       0.024    0.002
     0.109    0.375    0.002    0.124    0.054    0.297    0.314    1.162
     0.395    2.568]
 [   0.1      1.065    1.66     0.       0.       0.288   -0.       2.39
     0.291    2.127    0.641    0.       0.214   -0.       0.       0.
   100.       0.       1.183    0.04     0.      -0.       0.149    0.
     0.922    2.266    2.295    1.882    0.329    0.038    0.       1.425
     4.25    -0.       1.22     2.313    0.       0.685    0.894    0.
    16.239    0.       1.299    0.648    4.871    0.034    1.681    3.271
     4.607    3.044    0.454    0.718    0.       0.       0.       0.
    -0.       1.709    0.029   -0.       0.       0.137    0.       0.938
     0.584    2.524]
 [   0.061    1.144    1.414    0.       0.902    0.168    0.169    1.69
     0.241    3.264    1.282   -0.       8.36     0.228    0.163    0.
    -0.      -0.       1.422    0.594   -0.       0.243    0.159    0.
     0.073    1.091    1.995    1.29     0.146    0.029    0.075    2.82
     2.1      1.489    1.114    2.127   -0.       0.129    0.       0.481
     0.641    0.       1.486    0.302    3.266    0.022    1.214    0.873
     1.101    0.807    0.139    0.281   -0.       0.       0.006    0.
     0.      -0.       0.008    0.176    0.24     8.492   13.088   25.375
    12.037    5.409]
 [   0.065    0.548    0.177   -0.       0.169    0.171    0.036    1.128
     0.155    0.879   22.859    5.046    0.255    0.124    0.141    2.752
    -0.      -0.       1.031    0.173    0.839    0.054    0.084   -0.
     0.136    0.785    1.325    0.845    0.15     0.009    0.559    1.446
     0.756    0.148    1.287    0.808   -0.       0.418    0.277   -0.
     0.408   -0.       2.192    0.286    2.007    0.053    0.973    1.29
     2.139    1.581    0.154    0.389   -0.       0.917   -0.       0.
     0.       0.917   -0.       0.04     5.275    0.088    0.153    1.432
     0.232    1.089]
 [  50.      50.099    0.011    0.       0.      85.353    0.       0.426
    98.588    0.026    0.       0.       0.       0.       0.       0.
     0.       0.       0.214    0.       0.       0.      63.264    0.
     0.      99.867    0.339    0.54    92.22     0.       0.       0.471
     0.       0.       0.      11.257    0.       0.       0.       0.
     0.       0.       1.948   79.798   31.172   50.088    0.       0.575
     0.862    0.602   50.067   82.161    0.       0.       0.      50.
     0.       0.      50.       0.       0.       0.       0.       0.
     0.       0.083]
 [   0.046    0.089    0.016    0.       0.243    0.302   -0.       1.713
     0.282    0.295    0.877    1.316    0.       0.089    0.       0.
     0.       0.       2.092    0.06     0.       0.       0.123    0.
     0.191    3.902    2.694    1.614    0.375    0.      40.968    2.041
     2.076   -0.       0.128    4.122    0.       0.756    0.       0.
     0.       0.       0.376    0.847    6.848    0.635    0.316    3.781
     3.327    6.372    0.407    2.293    0.       1.754    0.      -0.
    -0.       0.       0.002    0.       0.      -0.       0.       0.321
    -0.       0.618]]
The size of cluster 0 is 27280
The size of cluster 1 is 53
The size of cluster 2 is 3
The size of cluster 3 is 38
The size of cluster 4 is 70
The size of cluster 5 is 919
The size of cluster 6 is 13
The size of cluster 7 is 104
The size of cluster 8 is 109
The size of cluster 9 is 2
The size of cluster 10 is 38
The inertia is 1720093.89716




The cluster centers for K=12
[[   0.005    0.064    0.026   -0.       0.05     0.016    0.016    0.166
     0.021    0.081   -0.      -0.       0.031    0.18     0.165    0.004
     0.       0.011    0.164    0.046    0.003    0.017    0.011    0.004
     0.006    0.081    0.191    0.115    0.015    0.003    0.078    0.169
     0.102    0.019    0.079    0.104    0.006    0.016    0.004    0.019
     0.03     0.004    0.097    0.025    0.195    0.006    0.083    0.091
     0.125    0.103    0.008    0.029    0.006   -0.       0.       0.
     0.002    0.008    0.       0.017    0.004    0.028    0.044    0.158
     0.045    0.108]
 [   0.116    0.915    0.731    0.236    1.421    0.249    0.124    1.528
     0.225    2.507    0.53     0.       0.278    0.22     0.163   -0.
    -0.       0.       1.701    0.225   -0.       0.17     0.125   -0.
     0.174    2.163    1.87     1.136    0.241    0.014    0.44     4.664
     3.054    0.79     2.486    2.955    0.       0.373    0.394    0.059
     1.23    -0.       4.269    0.474    5.763    0.067    2.344    3.231
     4.221    3.083    0.211    0.628    0.       0.       0.034    0.002
     0.118    0.406    0.002    0.129    0.059    0.357    0.34     1.232
     0.411    2.835]
 [  50.      50.099    0.011    0.       0.      85.353    0.       0.426
    98.588    0.026    0.       0.       0.       0.       0.       0.
     0.       0.       0.214    0.       0.       0.      63.264    0.
     0.      99.867    0.339    0.54    92.22     0.       0.       0.471
     0.       0.       0.      11.257    0.       0.       0.       0.
     0.       0.       1.948   79.798   31.172   50.088    0.       0.575
     0.862    0.602   50.067   82.161    0.       0.       0.      50.
     0.       0.      50.       0.       0.       0.       0.       0.
     0.       0.083]
 [   0.185   18.174  100.       0.       0.      10.936  100.      82.553
    10.888   80.169    0.       0.       0.       0.       0.       0.
     0.       0.      92.308  100.       0.     100.       1.141    0.
     1.893   34.118   56.271  100.       9.781    0.       0.       2.198
     0.875    0.      51.22    10.022    0.       0.       0.       0.
     0.       0.       5.195   12.769   46.86     0.       3.825    0.383
     0.575    1.143    5.273    8.094    0.       0.     100.       7.219
     0.      11.111    9.426  100.       0.      22.635    0.      14.634
     3.797   98.39 ]
 [   0.027    0.261    0.084   -0.       0.122    0.079    0.05     0.625
     0.086    0.362   11.242    1.713    0.149    0.178    0.175    0.214
    -0.       0.       0.587    0.133    0.208    0.054    0.042   -0.
     0.053    0.359    0.672    0.436    0.072    0.013    0.362    0.688
     0.49     0.066    0.457    0.558    0.       0.128    0.07     0.
     0.167   -0.       0.651    0.129    0.86     0.025    0.425    0.477
     0.761    0.62     0.062    0.169   -0.      -0.       0.       0.
    -0.       0.214    0.002    0.053    1.071    0.051    0.119    0.836
     0.178    0.463]
 [   0.1      1.065    1.66     0.       0.       0.288   -0.       2.39
     0.291    2.127    0.641    0.       0.214   -0.       0.       0.
   100.       0.       1.183    0.04     0.      -0.       0.149    0.
     0.922    2.266    2.295    1.882    0.329    0.038    0.       1.425
     4.25    -0.       1.22     2.313    0.       0.685    0.894    0.
    16.239    0.       1.299    0.648    4.871    0.034    1.681    3.271
     4.607    3.044    0.454    0.718    0.       0.       0.       0.
    -0.       1.709    0.029   -0.       0.       0.137    0.       0.938
     0.584    2.524]
 [   0.312    2.643    1.276    0.       3.269    0.919    0.031    4.569
     0.673    5.65     3.472    2.083    0.656    0.259    0.235    0.
    -0.      -0.       4.351    0.162    1.468    0.062    0.422    1.389
     0.648    6.631    5.984    3.442    0.865    0.021    1.297    6.356
     7.082    2.016    6.589    5.382   -0.       1.671    0.      -0.
     4.475    0.      18.308    1.384   12.921    0.337    6.861   16.523
    22.778   20.56     0.692    2.206   -0.       1.389    0.009    0.007
     0.      -0.       0.011    0.027    0.347    0.772    1.312    2.846
     1.099    6.614]
 [   0.053    0.64     0.841    0.       0.449    0.129    0.781    1.188
     0.216    0.703    3.935    2.778    0.926    0.235    0.385    2.778
    -0.      -0.       1.561    0.958   -0.       0.897    0.12     0.
     0.044    0.681    1.474    0.842    0.13     0.007    0.074    1.467
     0.869    0.47     0.678    0.701   -0.       0.096    0.      -0.
     0.309    0.       2.02     0.214    1.853    0.017    2.11     1.07
     1.307    1.064    0.066    0.231   -0.      39.352   -0.      -0.
     0.      -0.      -0.       0.806    0.694    0.114    0.231    1.491
     0.65     0.918]
 [   0.042    0.08     0.014    0.       0.22     0.277    0.       1.581
     0.263    0.267    0.794    1.19     0.       0.081    0.       0.
     0.       0.       1.913    0.054    0.       0.       0.113    0.
     0.173    3.73     2.47     1.49     0.346   -0.      39.075    1.854
     1.878   -0.       0.116    3.749    0.       0.684   -0.       0.
     0.       0.       0.34     0.777    6.546    0.593    0.286    3.558
     3.303    5.918    0.369    2.104    0.       1.587    0.      -0.
    -0.       0.       0.002    0.      -0.      -0.       0.       0.29
    -0.       0.568]
 [   0.059    1.166    1.359    0.       0.92     0.155    0.172    1.694
     0.241    3.241    1.144   -0.       8.442    0.216    0.166    0.
    -0.      -0.       1.429    0.604   -0.       0.248    0.16     0.
     0.074    1.082    1.971    1.289    0.131    0.029    0.077    2.833
     2.124    0.253    1.088    2.129   -0.       0.078    0.       0.49
     0.654    0.       1.49     0.271    3.196    0.021    1.045    0.856
     1.039    0.763    0.087    0.225   -0.       0.       0.007    0.
     0.      -0.       0.002    0.179    0.245    8.623   13.235   25.562
    12.193    5.415]
 [   0.544   31.409    5.083    0.      12.692    8.486    0.056   56.489
    10.296   10.894   16.667    0.       4.167   25.      25.385    0.
     0.       0.      59.615    3.889    0.       1.368    6.033    0.
    41.64    17.859   64.915   44.874    7.617    0.248    6.07    19.937
    20.404    4.435   10.061   11.668    0.      25.619    0.       0.
     2.778    0.      10.065    5.971   28.421    1.3     13.525    8.621
    13.707   10.096    2.77     5.052    0.       0.       0.       0.
     0.       0.       0.       0.043    0.       0.587    1.389   15.244
     0.949   15.478]
 [   0.205    3.867    4.175    0.       0.192    0.978    0.004    3.271
     0.689   22.941    0.521    0.       0.521    0.318    0.096    0.
     0.       0.       1.79     0.359    0.       0.011    0.334    0.
     0.729   14.374    5.212    2.451    0.996    7.24     4.552   36.46
    37.008    0.101    4.954   40.179    0.       3.125    0.       0.
     3.472    0.       7.711    2.489   41.033    0.468    1.298    8.812
    16.458   12.101    0.771    3.925    0.       0.       0.       0.
    -0.       0.       0.       0.004    0.       1.476    2.431    2.134
     0.752   24.611]]
The size of cluster 0 is 26989
The size of cluster 1 is 849
The size of cluster 2 is 2
The size of cluster 3 is 1
The size of cluster 4 is 467
The size of cluster 5 is 13
The size of cluster 6 is 72
The size of cluster 7 is 72
The size of cluster 8 is 42
The size of cluster 9 is 102
The size of cluster 10 is 4
The size of cluster 11 is 16
The inertia is 1669160.98806




The cluster centers for K=13
[[   0.005    0.064    0.026   -0.       0.049    0.016    0.016    0.166
     0.021    0.081   -0.       0.011    0.031    0.18     0.165    0.004
     0.       0.011    0.164    0.046    0.003    0.017    0.011    0.004
     0.006    0.081    0.191    0.114    0.015    0.003    0.08     0.168
     0.102    0.019    0.079    0.103    0.006    0.016    0.004    0.019
     0.03     0.004    0.095    0.025    0.194    0.006    0.083    0.089
     0.123    0.102    0.008    0.029    0.006   -0.       0.       0.
     0.002    0.008    0.       0.017    0.004    0.027    0.044    0.158
     0.045    0.107]
 [   0.203    5.911    2.773    0.       2.756    1.287    0.002    4.291
     0.974   20.628    0.347    0.       0.694    0.212    0.064    0.
     0.       0.       1.834    0.225    4.167    0.219    0.824    0.
     3.063   11.906    6.017    2.803    1.186    4.827    3.035   34.131
    29.329    0.336    3.76    29.69     0.       6.394    0.       0.
     1.389    0.       8.225    2.023   36.741    0.318    1.708    6.737
    11.365    6.382    0.963    2.992    0.       0.       0.       0.
    -0.       0.       0.       0.002    0.       1.442    1.62     1.22
     0.765   22.534]
 [   0.115    0.912    0.703    0.232    1.421    0.246    0.122    1.525
     0.223    2.427    0.502    0.       0.29     0.222    0.166   -0.
    -0.       0.       1.685    0.224   -0.       0.167    0.125   -0.
     0.169    2.12     1.856    1.129    0.239    0.014    0.473    4.459
     2.953    0.777    2.455    2.853    0.       0.367    0.388    0.058
     1.159   -0.       4.334    0.469    5.525    0.067    2.308    3.241
     4.203    3.113    0.206    0.619    0.       0.       0.035    0.002
     0.116    0.399    0.002    0.127    0.058    0.358    0.335    1.218
     0.418    2.744]
 [   0.1      1.065    1.66     0.       0.       0.288   -0.       2.39
     0.291    2.127    0.641    0.       0.214   -0.       0.       0.
   100.       0.       1.183    0.04     0.      -0.       0.149    0.
     0.922    2.266    2.295    1.882    0.329    0.038    0.       1.425
     4.25    -0.       1.22     2.313    0.       0.685    0.894    0.
    16.239    0.       1.299    0.648    4.871    0.034    1.681    3.271
     4.607    3.044    0.454    0.718    0.       0.       0.       0.
    -0.       1.709    0.029   -0.       0.       0.137    0.       0.938
     0.584    2.524]
 [ 100.     100.       0.       0.       0.      70.705    0.       0.426
    97.175    0.       0.       0.       0.       0.       0.       0.
     0.       0.       0.       0.       0.       0.     100.       0.
     0.     100.       0.339    0.899  100.       0.       0.       0.942
     0.       0.       0.      22.513    0.       0.       0.       0.
     0.       0.       3.896  100.       0.169    0.176    0.       1.149
     1.609    1.205  100.      64.322    0.       0.       0.     100.
     0.       0.     100.       0.       0.       0.       0.       0.
     0.       0.111]
 [   0.059    1.166    1.359    0.       0.92     0.155    0.172    1.694
     0.241    3.241    1.144   -0.       8.442    0.216    0.166    0.
    -0.      -0.       1.429    0.604   -0.       0.248    0.16     0.
     0.074    1.082    1.971    1.289    0.131    0.029    0.077    2.833
     2.124    0.253    1.088    2.129   -0.       0.078    0.       0.49
     0.654    0.       1.49     0.271    3.196    0.021    1.045    0.856
     1.039    0.763    0.087    0.225   -0.       0.       0.007    0.
     0.      -0.       0.002    0.179    0.245    8.623   13.235   25.562
    12.193    5.415]
 [   1.62    29.734    2.908    0.      24.615    8.509    0.225   84.255
     9.567   15.653   66.667    0.      11.111  100.     100.       0.
     0.       0.     100.      15.38     0.       0.395    4.92     0.
     0.946   15.06   100.      68.345    9.032    0.99    24.28    39.089
    26.362   16.129   28.049   34.256    0.       2.475    0.       0.
     0.       0.      36.364    7.306   45.623    5.154   42.623   30.268
    47.931   37.91     1.832   14.427    0.       0.       0.       0.
     0.       0.       0.       0.173    0.       1.079    5.556   51.22
     1.266   26.152]
 [   0.       0.198    0.022    0.       0.     100.       0.       0.426
   100.       0.053    0.       0.       0.       0.       0.       0.
     0.       0.       0.427    0.       0.       0.      26.529    0.
     0.      99.733    0.339    0.18    84.441    0.       0.       0.
     0.       0.       0.       0.       0.       0.       0.       0.
     0.       0.       0.      59.595   62.175  100.       0.       0.
     0.115    0.       0.134  100.       0.       0.       0.       0.
     0.       0.       0.       0.       0.       0.       0.       0.
     0.       0.056]
 [   0.046    0.089    0.016    0.       0.243    0.302   -0.       1.713
     0.282    0.295    0.877    1.316    0.       0.089    0.       0.
     0.       0.       2.092    0.06     0.       0.       0.123    0.
     0.191    3.902    2.694    1.614    0.375    0.      40.968    2.041
     2.076   -0.       0.128    4.122    0.       0.756    0.       0.
     0.       0.       0.376    0.847    6.848    0.635    0.316    3.781
     3.327    6.372    0.407    2.293    0.       1.754    0.      -0.
    -0.       0.       0.002    0.       0.      -0.       0.       0.321
    -0.       0.618]
 [   0.053    0.64     0.841    0.       0.449    0.129    0.781    1.188
     0.216    0.703    3.935    2.778    0.926    0.235    0.385    2.778
    -0.      -0.       1.561    0.958   -0.       0.897    0.12     0.
     0.044    0.681    1.474    0.842    0.13     0.007    0.074    1.467
     0.869    0.47     0.678    0.701   -0.       0.096    0.      -0.
     0.309    0.       2.02     0.214    1.853    0.017    2.11     1.07
     1.307    1.064    0.066    0.231   -0.      39.352   -0.      -0.
     0.      -0.      -0.       0.806    0.694    0.114    0.231    1.491
     0.65     0.918]
 [   0.185   18.174  100.       0.       0.      10.936  100.      82.553
    10.888   80.169    0.       0.       0.       0.       0.       0.
     0.       0.      92.308  100.       0.     100.       1.141    0.
     1.893   34.118   56.271  100.       9.781    0.       0.       2.198
     0.875    0.      51.22    10.022    0.       0.       0.       0.
     0.       0.       5.195   12.769   46.86     0.       3.825    0.383
     0.575    1.143    5.273    8.094    0.       0.     100.       7.219
     0.      11.111    9.426  100.       0.      22.635    0.      14.634
     3.797   98.39 ]
 [   0.306    2.932    1.838    0.       2.769    1.105    0.032    6.097
     0.981    5.003    3.214    1.429    0.635    0.218    0.264    0.
    -0.      -0.       6.453    0.172    0.082    0.064    0.498    1.429
     2.186    7.09     7.637    4.779    1.031    0.021    1.329    5.759
     7.314    1.982    6.794    5.61    -0.       1.669    0.      -0.
     5.714    0.      16.549    1.542   13.187    0.346    6.94    16.678
    23.589   21.376    0.717    2.265   -0.       1.429    0.01     0.007
     0.      -0.       0.011    0.028    0.357    0.602    1.349    2.787
     1.058    5.947]
 [   0.027    0.266    0.088   -0.       0.123    0.08     0.05     0.624
     0.087    0.38    11.454    1.19     0.15     0.187    0.173    0.216
    -0.       0.       0.588    0.134    0.21     0.055    0.043   -0.
     0.053    0.373    0.674    0.437    0.073    0.013    0.36     0.688
     0.49     0.07     0.465    0.555    0.       0.129    0.07     0.
     0.168   -0.       0.725    0.13     0.883    0.026    0.44     0.498
     0.767    0.632    0.062    0.171   -0.      -0.       0.       0.
    -0.       0.216    0.002    0.053    1.082    0.055    0.12     0.903
     0.188    0.484]]
The size of cluster 0 is 26981
The size of cluster 1 is 24
The size of cluster 2 is 863
The size of cluster 3 is 13
The size of cluster 4 is 1
The size of cluster 5 is 102
The size of cluster 6 is 1
The size of cluster 7 is 1
The size of cluster 8 is 38
The size of cluster 9 is 72
The size of cluster 10 is 1
The size of cluster 11 is 70
The size of cluster 12 is 462
The inertia is 1631855.95318




The cluster centers for K=14
[[   0.027    0.269    0.09    -0.       0.204    0.077    0.051    0.608
     0.085    0.385   11.412    0.       0.154    0.184    0.174    0.221
    -0.       0.       0.584    0.128    0.19     0.056    0.042   -0.
     0.052    0.359    0.662    0.427    0.069    0.012    0.29     0.732
     0.507    0.071    0.48     0.569    0.       0.126    0.005    0.
     0.172   -0.       0.678    0.128    0.873    0.022    0.446    0.47
     0.716    0.592    0.062    0.162   -0.      -0.       0.       0.
    -0.       0.       0.001    0.054    1.051    0.054    0.123    0.858
     0.183    0.481]
 [   0.104    0.743    0.442    0.205    1.016    0.215    0.099    1.462
     0.207    1.414    0.282    0.       0.248    0.211    0.177    0.103
    -0.       0.       1.649    0.189   -0.       0.13     0.11    -0.
     0.16     1.303    1.682    1.06     0.212    0.014    0.681    2.578
     1.785    0.553    2.187    1.767    0.       0.289    0.346    0.051
     1.255   -0.       3.948    0.38     3.438    0.068    2.095    3.033
     3.953    2.946    0.167    0.55     0.       0.       0.023    0.002
     0.103    0.342    0.002    0.103    0.051    0.182    0.24     1.004
     0.328    1.645]
 [   0.048    0.371    0.273    0.       0.334    0.157   -0.       1.425
     0.194    0.947   10.87    52.174    0.242    0.221    0.201    0.
     0.       0.       1.022    0.209    0.497   -0.       0.11     0.
     0.425    1.955    1.533    0.813    0.164    0.022    1.914    1.201
     0.723    0.07     0.583    0.829    0.       0.624    1.314    0.
     1.449    0.       3.162    0.284    3.931    0.092    0.618    2.432
     3.448    4.217    0.153    0.47     0.       7.246    0.       0.
    -0.       4.348    0.       0.       1.087    0.214    0.483    2.121
     0.715    1.089]
 [   0.061    1.144    1.414    0.       0.902    0.168    0.169    1.69
     0.241    3.264    1.282   -0.       8.36     0.228    0.163    0.
    -0.      -0.       1.422    0.594   -0.       0.243    0.159    0.
     0.073    1.091    1.995    1.29     0.146    0.029    0.075    2.82
     2.1      1.489    1.114    2.127   -0.       0.129    0.       0.481
     0.641    0.       1.486    0.302    3.266    0.022    1.214    0.873
     1.101    0.807    0.139    0.281   -0.       0.       0.006    0.
     0.      -0.       0.008    0.176    0.24     8.492   13.088   25.375
    12.037    5.409]
 [   0.185   18.174  100.       0.       0.      10.936  100.      82.553
    10.888   80.169    0.       0.       0.       0.       0.       0.
     0.       0.      92.308  100.       0.     100.       1.141    0.
     1.893   34.118   56.271  100.       9.781    0.       0.       2.198
     0.875    0.      51.22    10.022    0.       0.       0.       0.
     0.       0.       5.195   12.769   46.86     0.       3.825    0.383
     0.575    1.143    5.273    8.094    0.       0.     100.       7.219
     0.      11.111    9.426  100.       0.      22.635    0.      14.634
     3.797   98.39 ]
 [   0.301    5.709    3.514    0.       0.308    1.253    0.006    4.128
     0.647   30.561    0.833    0.      -0.       0.508    0.154    0.
    -0.       0.       2.821    0.284    0.       0.017    0.379    0.
     0.379   14.793    6.814    3.183    1.302   11.584    7.243   44.364
    41.537    0.161    7.805   46.043    0.       5.       0.       0.
     2.222    0.      11.948    2.77    49.791    0.744    1.749   10.766
    15.931   10.143    1.18     6.042    0.      -0.       0.       0.
     0.       0.       0.       0.006   -0.       2.121    2.222    1.951
     0.633   32.165]
 [   0.005    0.06     0.024   -0.       0.043    0.014    0.016    0.156
     0.02     0.075   -0.      -0.       0.03     0.18     0.165   -0.
     0.       0.011    0.153    0.046    0.003    0.017    0.01     0.004
     0.005    0.075    0.181    0.108    0.013    0.003    0.072    0.159
     0.095    0.019    0.071    0.097    0.006    0.015    0.004    0.019
     0.021    0.004    0.077    0.023    0.18     0.005    0.073    0.07
     0.095    0.082    0.007    0.026    0.006   -0.       0.       0.
     0.002    0.007    0.       0.017    0.003    0.027    0.044    0.153
     0.043    0.101]
 [   1.62    29.734    2.908    0.      24.615    8.509    0.225   84.255
     9.567   15.653   66.667    0.      11.111  100.     100.       0.
     0.       0.     100.      15.38     0.       0.395    4.92     0.
     0.946   15.06   100.      68.345    9.032    0.99    24.28    39.089
    26.362   16.129   28.049   34.256    0.       2.475    0.       0.
     0.       0.      36.364    7.306   45.623    5.154   42.623   30.268
    47.931   37.91     1.832   14.427    0.       0.       0.       0.
     0.       0.       0.       0.173    0.       1.079    5.556   51.22
     1.266   26.152]
 [   0.1      1.065    1.66     0.       0.       0.288   -0.       2.39
     0.291    2.127    0.641    0.       0.214   -0.       0.       0.
   100.       0.       1.183    0.04     0.      -0.       0.149    0.
     0.922    2.266    2.295    1.882    0.329    0.038    0.       1.425
     4.25    -0.       1.22     2.313    0.       0.685    0.894    0.
    16.239    0.       1.299    0.648    4.871    0.034    1.681    3.271
     4.607    3.044    0.454    0.718    0.       0.       0.       0.
    -0.       1.709    0.029   -0.       0.       0.137    0.       0.938
     0.584    2.524]
 [   0.056    0.651    0.878    0.       0.468    0.132    0.815    1.184
     0.217    0.726    3.382   -0.       0.966    0.246    0.401    2.899
    -0.      -0.       1.573    1.      -0.       0.936    0.124    0.
     0.046    0.706    1.493    0.845    0.133    0.007    0.078    1.499
     0.895    0.491    0.707    0.722   -0.       0.086    0.      -0.
     0.322    0.       2.108    0.219    1.909    0.017    2.202    1.105
     1.356    1.094    0.067    0.239   -0.      39.13    -0.      -0.
     0.      -0.      -0.       0.842    0.725    0.119    0.242    1.555
     0.679    0.946]
 [   0.083    1.229    1.529   -0.       2.58     0.294    0.132    1.444
     0.226    6.773    1.002   -0.       0.352    0.161    0.117   -0.
     0.      -0.       1.198    0.27     0.633    0.219    0.155   -0.
     0.128    5.54     1.991    1.087    0.268    0.006    0.112   12.317
     8.211    0.214    1.451    7.693   -0.       0.602    0.059   -0.
     0.633   -0.       3.296    0.676   14.381    0.058    1.605    3.135
     5.104    3.118    0.272    0.633   -0.       0.       0.055    0.
     0.       0.141    0.002    0.136    0.158    0.976    0.563    1.544
     0.593    7.526]
 [   0.338    4.239    2.005    0.       3.424    1.42     0.036    7.117
     1.226    5.14     2.285   -0.       0.672    0.219    0.273    0.
    -0.      -0.       7.058    0.226    0.092    0.15     0.706    1.613
     3.333    7.366    8.901    5.413    1.293    0.024    1.5      6.449
     7.875    2.211    7.356    5.719   -0.       3.242   -0.      -0.
     5.197    0.      17.574    1.751   13.17     0.39     7.606   17.316
    23.819   22.137    0.863    2.475   -0.       1.075    0.011    0.008
     0.      -0.       0.012    0.032    0.403    0.63     1.254    2.754
     1.031    6.17 ]
 [  50.      50.099    0.011    0.       0.      85.353    0.       0.426
    98.588    0.026    0.       0.       0.       0.       0.       0.
     0.       0.       0.214    0.       0.       0.      63.264    0.
     0.      99.867    0.339    0.54    92.22     0.       0.       0.471
     0.       0.       0.      11.257    0.       0.       0.       0.
     0.       0.       1.948   79.798   31.172   50.088    0.       0.575
     0.862    0.602   50.067   82.161    0.       0.       0.      50.
     0.       0.      50.       0.       0.       0.       0.       0.
     0.       0.083]
 [   0.048    0.093    0.017    0.       0.256    0.312   -0.       1.69
     0.286    0.311    0.926    0.       0.       0.094    0.       0.
     0.       0.       2.03     0.063    0.       0.       0.121    0.
     0.202    3.811    2.571    1.619    0.386    0.      41.964    2.154
     2.186   -0.       0.136    4.338    0.       0.743    0.       0.
     0.       0.       0.397    0.869    6.79     0.647    0.334    3.757
     3.34     6.26     0.417    2.317    0.       1.852    0.       0.
    -0.       0.       0.003    0.       0.       0.       0.       0.339
    -0.       0.634]]
The size of cluster 0 is 452
The size of cluster 1 is 974
The size of cluster 2 is 23
The size of cluster 3 is 104
The size of cluster 4 is 1
The size of cluster 5 is 10
The size of cluster 6 is 26724
The size of cluster 7 is 1
The size of cluster 8 is 13
The size of cluster 9 is 69
The size of cluster 10 is 158
The size of cluster 11 is 62
The size of cluster 12 is 2
The size of cluster 13 is 36
The inertia is 1576233.66828




The cluster centers for K=15
[[   0.005    0.062    0.025   -0.       0.046    0.015    0.016    0.161
     0.02     0.078   -0.      -0.       0.031    0.18     0.165   -0.
     0.       0.011    0.159    0.046    0.003    0.017    0.01     0.004
     0.006    0.079    0.186    0.111    0.014    0.003    0.078    0.163
     0.098    0.019    0.076    0.1      0.006    0.015    0.004    0.019
     0.029    0.004    0.087    0.024    0.187    0.006    0.078    0.081
     0.112    0.094    0.008    0.027    0.006   -0.       0.       0.
     0.002    0.007    0.       0.017    0.003    0.027    0.044    0.156
     0.044    0.104]
 [   0.137    4.021    1.807    0.       1.511    0.962    0.076    4.468
     0.871   10.875    1.339    0.       0.546    0.121    0.055    0.
    -0.       0.       3.724    0.188    1.786    0.195    0.515    0.
     3.188    8.976    5.642    3.289    0.861    2.069    1.198   23.408
    16.834    0.518    1.764   16.278    0.       3.28    -0.       0.
     1.389    0.       4.058    1.519   23.813    0.157    2.088    4.899
     7.155    4.332    0.714    1.726   -0.      -0.       0.144   -0.
     0.      -0.       0.001    0.077   -0.       0.993    0.794    1.263
     0.531   12.067]
 [   0.334    2.482    1.728    0.       3.342    1.008    0.034    4.769
     0.727    4.552    3.017    0.862    0.623    0.205    0.212    0.
    -0.      -0.       4.833    0.173    0.099    0.062    0.417    1.724
     0.772    6.833    6.259    3.749    0.96     0.026    1.604    5.497
     6.543    0.945    7.506    4.695   -0.       1.622   -0.      -0.
     5.939    0.      18.047    1.484   12.425    0.415    7.82    17.387
    25.43    24.042    0.617    2.4     -0.       1.149    0.012    0.009
     0.      -0.       0.013    0.027    0.431    0.652    1.341    2.86
     1.037    5.396]
 [   0.059    1.166    1.359    0.       0.92     0.155    0.172    1.694
     0.241    3.241    1.144   -0.       8.442    0.216    0.166    0.
    -0.      -0.       1.429    0.604   -0.       0.248    0.16     0.
     0.074    1.082    1.971    1.289    0.131    0.029    0.077    2.833
     2.124    0.253    1.088    2.129   -0.       0.078    0.       0.49
     0.654    0.       1.49     0.271    3.196    0.021    1.045    0.856
     1.039    0.763    0.087    0.225   -0.       0.       0.007    0.
     0.      -0.       0.002    0.179    0.245    8.623   13.235   25.562
    12.193    5.415]
 [  50.      50.099    0.011    0.       0.      85.353    0.       0.426
    98.588    0.026    0.       0.       0.       0.       0.       0.
     0.       0.       0.214    0.       0.       0.      63.264    0.
     0.      99.867    0.339    0.54    92.22     0.       0.       0.471
     0.       0.       0.      11.257    0.       0.       0.       0.
     0.       0.       1.948   79.798   31.172   50.088    0.       0.575
     0.862    0.602   50.067   82.161    0.       0.       0.      50.
     0.       0.      50.       0.       0.       0.       0.       0.
     0.       0.083]
 [   0.048    0.091    0.016    0.       0.249    0.306   -0.       1.702
     0.28     0.303    0.901    0.       0.       0.092    0.       0.
     0.       0.       2.148    0.061    0.       0.       0.12     0.
     0.196    3.781    2.62     1.614    0.379    0.      41.375    2.096
     2.127   -0.       0.132    4.225    0.       0.749    0.       0.
     0.       0.       0.386    0.852    6.742    0.63     0.325    3.831
     3.33     6.459    0.418    2.322    0.       1.802    0.       0.
    -0.       0.       0.003    0.       0.       0.       0.       0.33
    -0.       0.624]
 [   1.62    29.734    2.908    0.      24.615    8.509    0.225   84.255
     9.567   15.653   66.667    0.      11.111  100.     100.       0.
     0.       0.     100.      15.38     0.       0.395    4.92     0.
     0.946   15.06   100.      68.345    9.032    0.99    24.28    39.089
    26.362   16.129   28.049   34.256    0.       2.475    0.       0.
     0.       0.      36.364    7.306   45.623    5.154   42.623   30.268
    47.931   37.91     1.832   14.427    0.       0.       0.       0.
     0.       0.       0.       0.173    0.       1.079    5.556   51.22
     1.266   26.152]
 [   0.028    0.269    0.088   -0.       0.126    0.078    0.052    0.613
     0.086    0.379   11.419    0.       0.154    0.184    0.174   -0.
    -0.       0.       0.591    0.128    0.19     0.056    0.042   -0.
     0.052    0.36     0.666    0.428    0.07     0.012    0.308    0.727
     0.505    0.072    0.484    0.57     0.       0.13     0.005    0.
     0.172   -0.       0.68     0.128    0.877    0.023    0.446    0.479
     0.73     0.603    0.063    0.165   -0.      -0.       0.       0.
    -0.       0.       0.002    0.054    1.053    0.052    0.123    0.838
     0.182    0.477]
 [   0.11     0.861    0.635    0.213    1.391    0.237    0.114    1.509
     0.22     2.068    0.4      0.       0.261    0.22     0.179   -0.
    -0.       0.       1.695    0.214   -0.       0.154    0.122   -0.
     0.162    1.813    1.807    1.118    0.23     0.014    0.514    3.66
     2.502    0.801    2.322    2.448    0.       0.34     0.369    0.053
     1.113   -0.       4.19     0.437    4.787    0.065    2.221    3.178
     4.138    3.033    0.197    0.596    0.       0.       0.024    0.002
     0.107    0.379    0.002    0.118    0.08     0.291    0.314    1.175
     0.393    2.363]
 [   0.012    0.311    0.006    0.       0.       0.168    0.       0.426
     0.103    0.304   20.833    0.       0.       0.       1.154  100.
     0.       0.       1.282    0.073    0.       0.       0.058    0.
     0.       0.333    1.356    0.899    0.158    0.       0.       1.334
     0.754    0.403    1.829    1.028    0.       0.124    0.       0.
     0.       0.       0.       0.178    1.282    0.033    0.82     0.958
     2.471    0.701    0.034    0.116    0.      16.667    0.       0.
     0.       0.       0.       0.      12.5      0.024    0.       1.22
     0.       0.722]
 [   0.051    0.342    0.256    0.       0.       0.145   -0.       1.393
     0.162    0.685   10.227   52.273    0.253    0.231    0.21     0.
     0.       0.       1.049    0.219    0.519   -0.       0.092    0.
     0.287    1.302    1.448    0.793    0.147    0.023    2.001    1.049
     0.685    0.073    0.443    0.819    0.       0.585    1.374    0.
    -0.       0.       3.306    0.253    2.032    0.096    0.646    2.194
     2.623    2.281    0.144    0.407    0.       7.576    0.       0.
    -0.       4.545    0.       0.       1.136    0.224    0.505    2.217
     0.748    0.967]
 [   0.057    0.653    0.904    0.       0.482    0.13     0.84     1.207
     0.221    0.731    2.363   -0.       0.995    0.253    0.344    0.
    -0.      -0.       1.563    1.026   -0.       0.964    0.125    0.
     0.047    0.711    1.477    0.827    0.13     0.007    0.08     1.502
     0.899    0.481    0.619    0.712   -0.       0.089    0.      -0.
     0.332    0.       2.171    0.216    1.907    0.016    2.218    1.121
     1.336    1.112    0.067    0.24    -0.      39.303   -0.      -0.
     0.      -0.      -0.       0.867   -0.       0.121    0.249    1.529
     0.699    0.934]
 [   0.1      1.065    1.66     0.       0.       0.288   -0.       2.39
     0.291    2.127    0.641    0.       0.214   -0.       0.       0.
   100.       0.       1.183    0.04     0.      -0.       0.149    0.
     0.922    2.266    2.295    1.882    0.329    0.038    0.       1.425
     4.25    -0.       1.22     2.313    0.       0.685    0.894    0.
    16.239    0.       1.299    0.648    4.871    0.034    1.681    3.271
     4.607    3.044    0.454    0.718    0.       0.       0.       0.
    -0.       1.709    0.029   -0.       0.       0.137    0.       0.938
     0.584    2.524]
 [   0.262    3.345    6.178    0.       0.       0.678    0.       5.674
     0.729   66.667    0.       0.       0.       0.       0.       0.
     0.       0.       0.       0.754    0.       0.       0.776    0.
     0.421   22.39     9.718    3.297    0.539    0.       1.92    37.467
    62.127   -0.      17.48    60.284    0.       2.64     0.       0.
     0.       0.      29.437    1.37    73.374    0.029    0.546   19.285
    25.556   15.393    0.506    1.971    0.       0.       0.       0.
     0.      -0.       0.       0.       0.       7.026    3.704    4.065
     1.477   69.554]
 [   0.185   18.174  100.       0.       0.      10.936  100.      82.553
    10.888   80.169    0.       0.       0.       0.       0.       0.
     0.       0.      92.308  100.       0.     100.       1.141    0.
     1.893   34.118   56.271  100.       9.781    0.       0.       2.198
     0.875    0.      51.22    10.022    0.       0.       0.       0.
     0.       0.       5.195   12.769   46.86     0.       3.825    0.383
     0.575    1.143    5.273    8.094    0.       0.     100.       7.219
     0.      11.111    9.426  100.       0.      22.635    0.      14.634
     3.797   98.39 ]]
The size of cluster 0 is 26874
The size of cluster 1 is 56
The size of cluster 2 is 58
The size of cluster 3 is 102
The size of cluster 4 is 2
The size of cluster 5 is 37
The size of cluster 6 is 1
The size of cluster 7 is 451
The size of cluster 8 is 938
The size of cluster 9 is 4
The size of cluster 10 is 22
The size of cluster 11 is 67
The size of cluster 12 is 13
The size of cluster 13 is 3
The size of cluster 14 is 1
The inertia is 1537701.90606




The cluster centers for K=16
[[   0.082    0.631    0.373 ...,    1.17     0.363    1.612]
 [   0.185   18.174  100.    ...,   14.634    3.797   98.39 ]
 [   0.041    0.066    0.012 ...,    0.252   -0.       0.545]
 ..., 
 [ 100.     100.       0.    ...,    0.       0.       0.111]
 [   0.025    0.258    0.085 ...,    0.838    0.179    0.466]
 [   0.856   28.349    9.29  ...,   25.61     0.633   20.044]]
The size of cluster 0 is 1198
The size of cluster 1 is 1
The size of cluster 2 is 58
The size of cluster 3 is 13
The size of cluster 4 is 147
The size of cluster 5 is 1
The size of cluster 6 is 26427
The size of cluster 7 is 13
The size of cluster 8 is 92
The size of cluster 9 is 22
The size of cluster 10 is 36
The size of cluster 11 is 101
The size of cluster 12 is 69
The size of cluster 13 is 1
The size of cluster 14 is 448
The size of cluster 15 is 2
The inertia is 1491158.65539




The cluster centers for K=17
[[   0.073    0.593    0.398 ...,    1.382    0.452    1.561]
 [   0.345    2.469    1.841 ...,    2.5      0.965    5.834]
 [ 100.     100.       0.    ...,    0.       0.       0.111]
 ..., 
 [   0.044    0.084    0.015 ...,    0.305   -0.       0.582]
 [   0.089    1.412    1.628 ...,    1.644    0.686    7.882]
 [   0.065    0.581    0.173 ...,    1.084    0.147    1.005]]
The size of cluster 0 is 1375
The size of cluster 1 is 40
The size of cluster 2 is 1
The size of cluster 3 is 13
The size of cluster 4 is 26582
The size of cluster 5 is 1
The size of cluster 6 is 125
The size of cluster 7 is 2
The size of cluster 8 is 67
The size of cluster 9 is 19
The size of cluster 10 is 12
The size of cluster 11 is 97
The size of cluster 12 is 1
The size of cluster 13 is 23
The size of cluster 14 is 40
The size of cluster 15 is 132
The size of cluster 16 is 99
The inertia is 1456287.21156




The cluster centers for K=18
[[  0.005   0.06    0.024 ...,   0.152   0.042   0.096]
 [  0.563   4.037   0.821 ...,   1.762   0.633   4.871]
 [  0.258   9.747   3.119 ...,   1.626   0.527  28.665]
 ..., 
 [  0.084   0.897   0.365 ...,   1.491   1.67    1.627]
 [  0.048   0.091   0.016 ...,   0.33   -0.      0.624]
 [  0.057   0.653   0.904 ...,   1.529   0.699   0.934]]
The size of cluster 0 is 26952
The size of cluster 1 is 18
The size of cluster 2 is 12
The size of cluster 3 is 13
The size of cluster 4 is 1
The size of cluster 5 is 157
The size of cluster 6 is 1
The size of cluster 7 is 105
The size of cluster 8 is 36
The size of cluster 9 is 20
The size of cluster 10 is 23
The size of cluster 11 is 2
The size of cluster 12 is 1
The size of cluster 13 is 16
The size of cluster 14 is 1132
The size of cluster 15 is 36
The size of cluster 16 is 37
The size of cluster 17 is 67
The inertia is 1422224.19279




The cluster centers for K=19
[[   0.082    0.633    0.405 ...,    1.145    0.365    1.633]
 [   0.185   18.174  100.    ...,   14.634    3.797   98.39 ]
 [   0.026    0.255    0.084 ...,    0.855    0.183    0.464]
 ..., 
 [   0.162    1.675    0.549 ...,    1.829    0.       2.075]
 [   0.06     1.192    1.516 ...,   25.598   12.289    5.512]
 [   0.189    1.133    1.264 ...,    3.189    0.828    2.507]]
The size of cluster 0 is 1182
The size of cluster 1 is 1
The size of cluster 2 is 442
The size of cluster 3 is 140
The size of cluster 4 is 13
The size of cluster 5 is 26461
The size of cluster 6 is 12
The size of cluster 7 is 22
The size of cluster 8 is 2
The size of cluster 9 is 1
The size of cluster 10 is 36
The size of cluster 11 is 4
The size of cluster 12 is 36
The size of cluster 13 is 68
The size of cluster 14 is 86
The size of cluster 15 is 1
The size of cluster 16 is 8
The size of cluster 17 is 101
The size of cluster 18 is 13
The inertia is 1377275.92833




The cluster centers for K=20
[[   0.005    0.06     0.023 ...,    0.138    0.039    0.094]
 [   0.13     1.456    0.442 ...,    1.951    0.       1.927]
 [   0.1      1.065    1.66  ...,    0.938    0.584    2.524]
 ..., 
 [   0.185   18.174  100.    ...,   14.634    3.797   98.39 ]
 [   0.057    0.653    0.904 ...,    1.529    0.699    0.934]
 [   0.225    2.182    2.038 ...,    2.439    0.786    5.386]]
The size of cluster 0 is 26662
The size of cluster 1 is 10
The size of cluster 2 is 13
The size of cluster 3 is 15
The size of cluster 4 is 2
The size of cluster 5 is 62
The size of cluster 6 is 20
The size of cluster 7 is 129
The size of cluster 8 is 440
The size of cluster 9 is 1
The size of cluster 10 is 36
The size of cluster 11 is 2
The size of cluster 12 is 102
The size of cluster 13 is 40
The size of cluster 14 is 974
The size of cluster 15 is 23
The size of cluster 16 is 1
The size of cluster 17 is 1
The size of cluster 18 is 67
The size of cluster 19 is 29
The inertia is 1345838.06133




The cluster centers for K=21
[[  0.005   0.059   0.022 ...,   0.123   0.033   0.091]
 [  0.206   1.969   1.968 ...,   2.439   0.832   5.873]
 [  0.049   0.742   0.695 ...,  12.921   5.333   2.162]
 ..., 
 [  0.086   0.67    0.557 ...,   0.675   0.212   2.096]
 [  0.125   0.399   1.063 ...,   2.195   0.633   1.81 ]
 [  0.057   0.653   0.904 ...,   1.529   0.699   0.934]]
The size of cluster 0 is 26577
The size of cluster 1 is 35
The size of cluster 2 is 195
The size of cluster 3 is 107
The size of cluster 4 is 1
The size of cluster 5 is 3
The size of cluster 6 is 21
The size of cluster 7 is 1
The size of cluster 8 is 437
The size of cluster 9 is 1
The size of cluster 10 is 13
The size of cluster 11 is 3
The size of cluster 12 is 34
The size of cluster 13 is 11
The size of cluster 14 is 57
The size of cluster 15 is 37
The size of cluster 16 is 35
The size of cluster 17 is 1
The size of cluster 18 is 983
The size of cluster 19 is 10
The size of cluster 20 is 67
The inertia is 1314229.85725




The cluster centers for K=22
[[  0.078   0.594   0.396 ...,   0.819   0.236   1.621]
 [  0.      0.198   0.022 ...,   0.      0.      0.056]
 [  0.089   1.345   1.654 ...,   1.747   0.897   7.827]
 ..., 
 [  0.145   3.3     3.169 ...,   2.439   0.712  32.843]
 [  0.097   1.142   0.477 ...,   1.22    2.722   1.949]
 [  0.068   0.802   0.422 ...,   1.355   0.316   1.47 ]]
The size of cluster 0 is 1159
The size of cluster 1 is 1
The size of cluster 2 is 134
The size of cluster 3 is 442
The size of cluster 4 is 99
The size of cluster 5 is 13
The size of cluster 6 is 2
The size of cluster 7 is 10
The size of cluster 8 is 32
The size of cluster 9 is 20
The size of cluster 10 is 3
The size of cluster 11 is 1
The size of cluster 12 is 67
The size of cluster 13 is 125
The size of cluster 14 is 22
The size of cluster 15 is 40
The size of cluster 16 is 10
The size of cluster 17 is 1
The size of cluster 18 is 26384
The size of cluster 19 is 8
The size of cluster 20 is 20
The size of cluster 21 is 36
The inertia is 1280211.81459




The cluster centers for K=23
[[  0.004   0.058   0.022 ...,   0.141   0.039   0.088]
 [  0.1     1.437   1.133 ...,   1.651   0.716   8.959]
 [  0.856  28.349   9.29  ...,  25.61    0.633  20.044]
 ..., 
 [  0.129   1.06    0.555 ...,   1.762   0.756   2.935]
 [  0.226   1.514   0.531 ...,   1.22    0.271   2.504]
 [  0.084   0.897   0.365 ...,   1.491   1.67    1.627]]
The size of cluster 0 is 26756
The size of cluster 1 is 99
The size of cluster 2 is 2
The size of cluster 3 is 8
The size of cluster 4 is 1
The size of cluster 5 is 18
The size of cluster 6 is 13
The size of cluster 7 is 125
The size of cluster 8 is 30
The size of cluster 9 is 40
The size of cluster 10 is 1
The size of cluster 11 is 66
The size of cluster 12 is 4
The size of cluster 13 is 93
The size of cluster 14 is 5
The size of cluster 15 is 22
The size of cluster 16 is 12
The size of cluster 17 is 1
The size of cluster 18 is 1160
The size of cluster 19 is 3
The size of cluster 20 is 36
The size of cluster 21 is 98
The size of cluster 22 is 36
The inertia is 1248920.73184




The cluster centers for K=24
[[  0.079   0.6     0.398 ...,   0.782   0.237   1.617]
 [  0.156   3.782   0.747 ...,   1.996   0.978   4.664]
 [  0.063   0.779   0.891 ...,   1.542   0.689   1.037]
 ..., 
 [  0.185   0.237   0.191 ...,   0.488   0.      0.844]
 [  1.62   29.734   2.908 ...,  51.22    1.266  26.152]
 [  0.      0.198   0.022 ...,   0.      0.      0.056]]
The size of cluster 0 is 1164
The size of cluster 1 is 22
The size of cluster 2 is 68
The size of cluster 3 is 26373
The size of cluster 4 is 129
The size of cluster 5 is 13
The size of cluster 6 is 1
The size of cluster 7 is 40
The size of cluster 8 is 1
The size of cluster 9 is 4
The size of cluster 10 is 135
The size of cluster 11 is 35
The size of cluster 12 is 438
The size of cluster 13 is 19
The size of cluster 14 is 11
The size of cluster 15 is 22
The size of cluster 16 is 36
The size of cluster 17 is 1
The size of cluster 18 is 8
The size of cluster 19 is 100
The size of cluster 20 is 2
The size of cluster 21 is 5
The size of cluster 22 is 1
The size of cluster 23 is 1
The inertia is 1225278.98543




