[  0.295   4.092   2.932   0.      0.069   1.522   0.465   0.585   0.887
   3.834   0.027   0.001   0.027   0.109   0.11    0.      0.      0.
   0.587   1.067   0.004   0.519   2.863   0.      0.066   4.363   0.859
   0.992   1.739   0.016   0.382   2.324   2.576   0.031   0.152   3.333
   0.      0.081   0.007   0.      0.008   0.      0.225   8.086  32.717
   0.308   0.339   0.651   2.938  13.216   0.5     4.549   0.      0.003
   0.007   0.084   0.001   0.002   0.087   0.467   0.001   2.27    0.019
   0.126   0.168   4.55 ]The cluster centers for K=5
[[   -17.535     -8.42       0.661     -0.169      0.479]
 [ 13603.364 -17007.642   -386.539   1572.835  -2798.129]
 [   492.556    272.553    -33.376      5.224    -14.775]
 [  2124.478   1207.404     72.981     47.913    -82.552]
 [ 11346.189  -6719.026   1238.668  -3210.383   4404.067]]
The size of cluster 0 is 27871
The size of cluster 1 is 1
The size of cluster 2 is 700
The size of cluster 3 is 56
The size of cluster 4 is 1
The inertia is 415601992.981




