[ 1.905  0.005  0.011  2.765  0.144  0.247  0.176  0.267  0.345  0.009
  0.119  0.065  1.056  3.025  0.195  0.001  0.     0.075  0.     0.     0.
  0.066  0.012  0.     0.     0.005  0.001  0.01   0.001  0.021  0.     0.
  0.     0.148  0.     0.008  0.027  0.097  0.     0.     0.002  0.     0.
  0.     0.169  0.     0.002  0.077  0.001  0.008  0.     0.017  0.004  0.
  0.001  0.007  0.     0.019  2.612  1.98   0.041  1.523  0.002  1.319
  0.088  0.266  0.258  0.727  1.711  2.405  0.039  0.014  0.026  0.095
  0.206  1.096  0.001  0.034  0.009  0.     0.004  0.025  0.013  0.002
  0.001  3.366  0.143  0.152  0.005  0.108  0.229  0.     0.642  0.001
  2.932  0.38   0.404  0.033  0.     0.087  0.242  0.     0.415  0.112
  0.015  0.029  0.013  0.019  0.001  0.175  0.049  0.117  0.003  0.     0.038
  0.003  0.368  0.49   0.286  0.084  0.463  0.424  0.383  0.126  0.082
  0.086  0.471  0.028  0.018  0.012  0.008  0.005  0.071  0.005  1.265]

The cluster centers for K=3
[[ 1.902  0.007  0.011  2.968  0.098  0.288  0.094  0.289  0.406  0.011
   0.129  0.051  1.186  3.036  0.429  0.001  0.     0.053  0.     0.     0.
   0.085  0.014  0.     0.     0.01   0.     0.011  0.001  0.027  0.     0.001
   0.     0.144  0.     0.012  0.037  0.12   0.     0.     0.002  0.     0.
   0.     0.259  0.     0.002  0.08   0.002  0.012  0.     0.019  0.007  0.
   0.002  0.008  0.     0.023  2.27   1.96   0.048  1.467  0.001  1.649
   0.088  0.277  0.294  1.532  1.925  2.545  0.051  0.018  0.038  0.043
   0.192  1.224  0.001  0.037  0.009  0.     0.006  0.028  0.016  0.001
   0.002  4.243  0.179  0.202  0.005  0.147  0.243  0.     0.364  0.     3.629
   0.409  0.522  0.047  0.     0.114  0.195  0.     0.479  0.135  0.008
   0.017  0.003  0.024  0.     0.229  0.019  0.129  0.003  0.     0.048
   0.004  0.493  0.496  0.253  0.121  0.371  0.366  0.524  0.084  0.112
   0.081  0.404  0.025  0.022  0.014  0.01   0.006  0.101  0.005  1.45 ]
 [ 0.021  0.     0.     0.042  0.003  0.003  0.     0.005  0.922  0.001
   0.005  0.     0.064  0.051  0.     0.     0.     0.003  0.     0.     0.
   0.001  0.001  0.     0.     0.     0.     0.001  0.     0.001  0.     0.
   0.     0.02   0.     0.     0.     0.003  0.     0.     0.     0.     0.
   0.     0.004  0.     0.     0.     0.     0.     0.     0.     0.     0.
   0.     0.001  0.     0.001  0.024  0.019  0.001  0.018  0.     0.02   0.
   0.02   0.004  0.001  1.977  2.09   0.001  0.001  0.     0.     0.002
   0.039  0.     0.001  0.     0.     0.     0.002  0.001  0.     0.     0.002
   0.     0.004  0.     0.001  0.002  0.     0.     0.     0.005  0.     0.006
   0.     0.     0.     0.006  0.     0.027  0.004  0.     0.     0.     0.001
   0.     0.004  0.     0.     0.     0.     0.     0.     0.002  0.007
   0.006  0.002  0.008  0.009  0.002  0.002  0.001  0.002  0.007  0.001
   0.001  0.     0.     0.     0.005  0.001  0.078]
 [ 0.076  0.001  0.     0.15   0.004  0.004  0.     0.009  0.01   0.001
   0.017  0.002  0.167  0.114  0.003  0.     0.     0.006  0.     0.     0.
   0.002  0.001  0.     0.     0.     0.     0.001  0.     0.001  0.     0.
   0.     0.038  0.     0.     0.     0.004  0.     0.     0.     0.     0.
   0.     0.008  0.     0.     0.001  0.     0.     0.     0.     0.     0.
   0.     0.     0.     0.     0.045  0.037  0.002  0.036  0.     0.042
   0.002  0.063  0.017  0.01   0.049  0.814  0.002  0.001  0.     0.     0.015
   0.796  0.     0.005  0.001  0.     0.     0.004  0.001  0.002  0.     0.008
   0.001  0.006  0.     0.005  0.007  0.     0.006  0.     0.011  0.004
   0.007  0.     0.     0.     0.025  0.     0.78   0.009  0.     0.     0.
   0.001  0.     0.002  0.     0.     0.     0.     0.     0.     0.005
   0.008  0.003  0.002  0.005  0.006  0.006  0.002  0.002  0.002  0.005
   0.001  0.001  0.001  0.001  0.001  0.003  0.     0.171]]
The size of cluster 0 is 10711
The size of cluster 1 is 11278
The size of cluster 2 is 45542
The inertia is 1323022289.51






The cluster centers for K=4
[[    1.023     0.006     0.006     1.367     0.068     0.167     0.037
      0.161     0.228     0.008     0.106     0.037     0.901     1.512
      0.18      0.001     0.        0.036     0.        0.        0.
      0.044     0.009     0.        0.        0.004     0.001     0.009
      0.001     0.016     0.        0.001     0.        0.151     0.
      0.007     0.014     0.08      0.        0.        0.003     0.        0.
      0.        0.113     0.        0.        0.037     0.001     0.006
      0.        0.007     0.001     0.        0.        0.003     0.
      0.013     0.995     0.988     0.027     0.764     0.        0.91
      0.036     0.248     0.18      0.578     1.112     1.671     0.022
      0.014     0.014     0.017     0.144     0.735     0.        0.03
      0.009     0.        0.003     0.02      0.011     0.002     0.001
      1.822     0.094     0.118     0.003     0.07      0.136     0.
      0.025     0.        1.584     0.171     0.323     0.051     0.
      0.048     0.146     0.        0.361     0.087     0.004     0.005
      0.001     0.014     0.        0.144     0.007     0.022     0.003
      0.        0.018     0.002     0.299     0.267     0.103     0.07
      0.188     0.19      0.317     0.038     0.068     0.038     0.195
      0.015     0.022     0.008     0.002     0.004     0.044     0.003
      1.094]
 [   44.624     0.011     0.054    46.43      1.849     2.473     1.903
      2.892     6.613     0.032     1.032     0.        6.376   102.71
     11.258     0.032     0.        1.892     0.        0.        0.
      1.108     0.043     0.        0.        0.108     0.        0.043
      0.011     0.57      0.        0.        0.        0.075     0.
      0.075     0.57      1.301     0.        0.        0.022     0.        0.
      0.        1.172     0.        0.        2.473     0.        0.258
      0.        0.323     0.065     0.        0.        0.011     0.
      0.398    72.022    45.376     0.301    24.43      0.011    24.452
      1.323     0.516     4.753    68.505    31.333    20.495     1.14
      0.14      1.054     0.72      3.226    18.355     0.        0.215
      0.043     0.        0.043     0.054     0.032     0.        0.
     96.731     3.441     2.796     0.075     1.785     2.269     0.
     42.258     0.011    65.237    10.86      9.065     0.        0.
      2.28      1.247     0.        4.323     1.581     0.215     0.355
      0.086     0.129     0.011     2.849     0.258     8.505     0.        0.
      0.785     0.011     4.645     7.28     13.355     1.452    18.312
     20.903     5.473     1.688     1.344     1.667    20.312     1.871
      0.075     0.118     0.022     0.        1.237     0.086    10.312]
 [  273.667     0.        0.333   901.667     0.       43.667     0.
     49.333     1.333     0.        0.        0.        5.667  4658.        0.
      0.        0.        0.        0.        0.        0.        3.667
      0.        0.        0.        0.        0.        0.333     0.
      0.333     0.        0.        0.        0.        0.        0.        0.
      0.        0.        0.        0.        0.        0.        0.        4.
      0.        0.        0.333     0.        0.        0.        0.        0.
      0.        0.        0.        0.        0.      139.        6.333
      0.        5.667     0.        9.333     0.667     0.        1.333
      0.      126.333   671.333     0.        0.        0.        0.        0.
    112.333     0.        0.667     0.        0.        0.        0.        0.
      0.        0.       11.333     1.667     3.333     0.333     6.333
     41.        0.        0.        0.       41.667    11.333     1.333
      0.        0.        0.333   158.        0.        3.667     1.667
      0.        0.        0.        0.        0.        0.        0.        0.
      0.        0.        0.        0.        0.        5.333     0.667
      0.        1.333     1.        0.        0.        0.        0.        1.
      0.        1.667     1.        0.        0.        1.667     0.
      9.333]
 [  788.333     0.        1.333    15.        4.667     0.        0.
      0.333    10.        0.        1.667     0.       10.333    18.333
      0.        0.        0.        0.        0.        0.        0.
      5.667     0.333     0.        0.        0.        0.        0.333
      0.        0.333     0.        0.        0.        0.        0.
      0.333     2.        7.333     0.        0.        0.        0.        0.
      0.        6.333     0.        0.        6.333     0.        0.        0.
      0.        0.667     0.        0.        0.        0.        0.     1782.
   2019.333     1.     1480.667     0.       32.        1.        1.
      7.667     0.      264.667  1373.333     0.333     0.        1.667
      0.        0.       13.        0.        0.        0.        0.        0.
      1.        0.        0.        0.      154.667     2.       10.333
      0.        0.667     0.        0.        0.        0.       79.667
      5.333    89.        0.        0.        0.333   334.667     0.
     11.667     8.333     0.      381.333     0.        0.        0.       40.
    337.333     0.        0.        0.        0.        0.      117.
     49.333     1.333    18.333     2.        2.333   128.      698.667
     20.333     0.        1.667     0.        0.667     0.        0.        0.
      1.333     0.       16.667]]
The size of cluster 0 is 66689
The size of cluster 1 is 830
The size of cluster 2 is 1
The size of cluster 3 is 11
The inertia is 875134183.522






The cluster centers for K=5
[[  1.461   0.006   0.01    1.854   0.074   0.165   0.036   0.215   0.296
    0.01    0.117   0.008   0.999   2.134   0.165   0.001   0.      0.057
    0.      0.      0.      0.057   0.012   0.      0.      0.014   0.
    0.01    0.001   0.022   0.      0.      0.      0.138   0.      0.009
    0.025   0.087   0.      0.      0.003   0.      0.      0.      0.158
    0.      0.001   0.062   0.001   0.005   0.      0.009   0.002   0.
    0.002   0.01    0.      0.013   1.564   1.458   0.026   1.048   0.001
    1.175   0.072   0.25    0.249   0.595   1.553   2.028   0.032   0.014
    0.017   0.028   0.167   0.993   0.      0.037   0.005   0.      0.005
    0.026   0.01    0.001   0.002   2.66    0.123   0.144   0.002   0.076
    0.118   0.      0.2     0.      2.127   0.239   0.357   0.006   0.
    0.057   0.167   0.      0.41    0.109   0.009   0.009   0.004   0.017
    0.      0.152   0.013   0.042   0.001   0.      0.034   0.002   0.433
    0.343   0.189   0.079   0.342   0.299   0.438   0.068   0.071   0.058
    0.29    0.015   0.017   0.007   0.006   0.005   0.045   0.004   1.189]
 [  0.      0.      0.      0.      0.      0.      0.      1.      0.      0.
    0.      0.      0.      0.      0.      0.      0.      0.      0.      0.
    0.      0.      0.      0.      0.      0.      0.      0.      0.      0.
    0.      0.      0.      0.      0.      0.      0.      0.      0.      0.
    0.      0.      0.      0.      0.      0.      0.      0.      0.      0.
    0.      0.      0.      0.      0.      0.      0.      0.      0.      0.
    0.      0.      0.      0.      0.      1.      0.      0.      0.      2.
    0.      0.      0.      0.      0.      0.      0.      0.      0.      0.
    0.      0.      0.      0.      0.      0.      0.      0.      0.      0.
    0.      0.      0.      0.      0.      0.      0.      0.      0.      0.
    0.      0.      0.      0.      0.      0.      0.      0.      0.      0.
    0.      0.      0.      0.      0.      0.      0.      0.      0.      0.
    0.      0.      0.      0.      0.      0.      0.      0.      0.      0.
    0.      0.      0.      0.      0.   ]
 [  0.      0.      0.      1.      0.      0.      0.      0.      0.      0.
    0.      0.      0.      2.      0.      0.      0.      0.      0.      0.
    0.      0.      0.      0.      0.      0.      0.      0.      0.      0.
    0.      0.      0.      0.      0.      0.      0.      0.      0.      0.
    0.      0.      0.      0.      0.      0.      0.      0.      0.      0.
    0.      0.      0.      0.      0.      0.      0.      0.      0.      0.
    0.      0.      0.      0.      0.      0.      0.      0.      0.      4.
    0.      0.      0.      0.      0.      0.      0.      0.      0.      0.
    0.      0.      0.      0.      0.      0.      0.      0.      0.      0.
    0.      0.      0.      0.      0.      0.      0.      0.      0.      0.
    0.      0.      1.      0.      0.      0.      0.      0.      0.      0.
    0.      0.      0.      0.      0.      0.      0.      0.      0.      0.
    0.      0.      0.      0.      0.      0.      0.      0.      0.      0.
    0.      0.      0.      0.      0.   ]
 [  3.      0.      0.      0.      0.      0.      0.      0.      0.      0.
    0.      0.      4.      0.      0.      0.      0.      0.      0.      0.
    0.      0.      0.      0.      0.      0.      0.      0.      0.      0.
    0.      0.      0.      0.      0.      0.      0.      0.      0.      0.
    0.      0.      0.      0.      0.      0.      0.      0.      0.      0.
    0.      0.      0.      0.      0.      0.      0.      0.      3.      6.
    0.      1.      0.     13.      0.      0.      0.      0.      1.      5.
    0.      0.      0.      0.      0.      0.      0.      0.      0.      0.
    0.      0.      0.      0.      0.      5.      1.      0.      0.      0.
    0.      0.      0.      0.     12.      0.      0.      0.      0.      1.
    0.      0.      1.      0.      0.      0.      0.      0.      0.      0.
    0.      0.      0.      0.      0.      0.      0.      0.      0.      0.
    0.      0.      0.      0.      0.      0.      0.      0.      0.      0.
    0.      0.      0.      0.      0.   ]
 [  1.      0.      0.      2.001   0.      0.      0.      0.      0.      0.
    0.      0.      2.      2.002   0.      0.      0.      0.      0.      0.
    0.      1.      0.      0.      0.      0.      0.      0.      0.      0.
    0.      0.      0.      0.      0.      0.      0.      0.      0.      0.
    0.      0.      0.      0.      0.      0.      0.      0.001   0.      0.
    0.      0.      0.      0.      0.      0.      0.      0.      0.      2.
    0.      2.004   0.      0.      0.      0.      0.      0.      3.001
    0.002   0.      1.      0.      0.      0.      0.004   0.      0.      0.
    0.      0.      0.      0.      0.      0.      0.011   0.      1.      0.
    0.      0.      0.      0.      0.      0.055   0.003   0.      0.      0.
    0.001   1.      0.      0.001   0.      0.      0.      0.      1.      0.
    0.      0.      0.      0.      0.      0.001   0.      0.      0.      0.
    0.      1.      0.      0.      0.      0.      0.      0.      0.      0.
    0.      0.      0.      0.      0.      5.001]]
The size of cluster 0 is 7195
The size of cluster 1 is 46141
The size of cluster 2 is 6654
The size of cluster 3 is 4195
The size of cluster 4 is 3346
The inertia is 1320066258.59






The cluster centers for K=6
[[  0.893   0.005   0.026   1.494   0.056   0.242   0.008   0.239   0.194
    0.012   0.107   0.003   0.944   1.564   0.111   0.001   0.      0.061
    0.      0.      0.      0.044   0.009   0.      0.      0.004   0.001
    0.007   0.001   0.014   0.      0.001   0.      0.157   0.      0.008
    0.015   0.062   0.      0.      0.002   0.      0.      0.      0.156
    0.      0.002   0.032   0.001   0.003   0.      0.004   0.002   0.
    0.001   0.006   0.      0.008   0.957   0.895   0.02    0.643   0.001
    0.841   0.026   0.268   0.172   0.418   1.098   1.594   0.028   0.012
    0.012   0.01    0.099   0.723   0.001   0.03    0.006   0.      0.003
    0.027   0.012   0.001   0.001   1.425   0.071   0.111   0.003   0.098
    0.236   0.      0.078   0.      1.041   0.122   0.273   0.004   0.
    0.039   0.141   0.      0.346   0.085   0.004   0.006   0.001   0.013
    0.      0.113   0.007   0.026   0.004   0.      0.011   0.002   0.156
    0.213   0.104   0.057   0.179   0.181   0.156   0.048   0.057   0.043
    0.188   0.018   0.023   0.009   0.014   0.006   0.058   0.002   1.06 ]
 [  0.158   0.001   0.004   0.142   0.012   0.004   0.      0.007   0.017
    0.008   0.025   0.      0.414   0.137   0.      0.      0.      0.063
    0.      0.      0.      0.003   0.001   0.      0.      0.      0.      0.
    0.      0.004   0.      0.001   0.      0.104   0.      0.001   0.
    0.015   0.      0.      0.001   0.      0.      0.      0.004   0.      0.
    0.      0.      0.      0.      0.      0.      0.      0.      0.001
    0.      0.      0.102   0.107   0.      0.107   0.      0.058   0.004
    0.166   0.036   0.001   0.269   0.526   0.003   0.001   0.003   0.
    0.032   0.122   0.      0.023   0.008   0.      0.      0.011   0.003
    0.      0.      0.003   0.003   0.011   0.      0.004   0.004   0.
    0.008   0.      0.027   0.008   0.036   0.      0.      0.003   0.044
    0.      0.111   0.031   0.      0.001   0.      0.004   0.      0.017
    0.001   0.033   0.      0.      0.      0.001   0.009   0.017   0.
    0.004   0.017   0.009   0.008   0.004   0.004   0.003   0.017   0.      0.
    0.      0.012   0.019   0.003   0.001   0.112]
 [  2.281   0.      0.02    3.869   0.186   0.397   0.02    0.558   1.462
    0.      0.121   0.03    0.915   6.065   0.      0.005   0.      0.045
    0.      0.      0.      0.116   0.01    0.      0.005   0.025   0.
    0.015   0.      0.01    0.      0.      0.      0.025   0.      0.
    0.05    0.241   0.      0.      0.      0.      0.      0.      0.176
    0.      0.      0.101   0.      0.015   0.      0.02    0.      0.      0.
    0.      0.      0.06    3.955   2.704   0.095   2.91    0.01    3.176
    0.136   0.226   0.302   0.      6.789   2.874   0.126   0.015   0.08
    0.131   0.136   2.92    0.      0.06    0.01    0.      0.01    0.035
    0.015   0.      0.     17.774   0.93    0.186   0.      0.07    0.477
    0.      0.025   0.005   5.859   0.613   3.01    0.08    0.      0.251
    0.161   0.      0.467   0.156   0.      0.04    0.015   0.035   0.
    0.392   0.02    0.01    0.      0.      0.04    0.01    0.332   0.744
    1.271   0.181   0.92    0.693   0.372   0.111   0.156   0.201   0.874
    0.      0.      0.01    0.      0.      0.065   0.      1.317]
 [  0.9     0.      0.      2.359   0.      0.139   0.      0.1     0.684
    0.      0.751   0.033   1.038   0.522   0.      0.      0.      0.      0.
    0.      0.      0.038   0.      0.      0.      0.      0.      0.      0.
    0.01    0.      0.      0.      0.053   0.      0.005   0.005   0.      0.
    0.      0.      0.      0.      0.      0.033   0.      0.      0.      0.
    0.      0.      0.      0.      0.      0.      0.      0.      0.
    0.809   0.081   0.01    0.077   0.      0.813   0.      0.048   0.086
    0.005   0.254   0.402   0.      0.005   0.      0.      0.005   0.287
    0.      0.      0.      0.      0.      0.005   0.      0.      0.005
    0.      0.      0.105   0.      0.033   0.172   0.      0.      0.
    0.019   0.      0.      0.      0.      0.      0.794   0.      0.12
    0.033   0.      0.      0.      0.005   0.      0.      0.      0.      0.
    0.      0.      0.      0.      0.029   0.01    0.      0.029   0.029
    0.      0.019   0.      0.019   0.029   0.      0.      0.005   0.      0.
    0.024   0.      4.268]
 [  0.279   0.      0.      0.462   0.      0.032   0.      0.061   0.032
    0.008   0.049   0.      0.417   0.583   0.      0.      0.      0.077
    0.      0.      0.      0.024   0.      0.      0.      0.      0.      0.
    0.      0.004   0.      0.      0.      0.073   0.      0.02    0.
    0.008   0.      0.      0.      0.      0.      0.      0.134   0.      0.
    0.      0.      0.      0.      0.004   0.      0.      0.      0.      0.
    0.      0.166   0.117   0.      0.109   0.      0.126   0.077   0.077
    0.028   0.004   0.656   4.773   0.      0.      0.004   0.      0.024
    1.045   0.      0.024   0.008   0.      0.      0.02    0.008   0.      0.
    0.004   0.      0.057   0.      0.061   0.028   0.      0.      0.
    0.032   0.008   0.      0.      0.      0.      0.057   0.      0.794
    0.016   0.      0.004   0.      0.      0.      0.      0.004   0.      0.
    0.      0.      0.      0.02    0.024   0.      0.008   0.012   0.02
    0.02    0.004   0.008   0.      0.016   0.      0.036   0.004   0.182
    0.008   0.024   0.      0.632]
 [ 32.812   0.      0.075  24.887   1.369   2.631   0.013   2.481   5.494
    0.013   0.869   0.169   6.525  46.681  15.069   0.025   0.      1.4
    0.      0.      0.      1.044   0.081   0.013   0.      0.025   0.
    0.05    0.013   0.731   0.      0.      0.      0.087   0.      0.05
    0.719   1.887   0.      0.      0.044   0.      0.      0.      1.181
    0.      0.013   2.344   0.019   0.156   0.      0.131   0.075   0.
    0.013   0.056   0.      0.237  45.269  45.519   0.512  22.919   0.013
   25.7     0.887   0.5     3.281  60.438  27.125  23.275   0.887   0.156
    0.537   0.431   1.406  13.088   0.      0.275   0.044   0.      0.1
    0.113   0.069   0.025   0.     81.706   3.062   2.3     0.025   0.969
    1.931   0.006   8.919   0.031  76.438   7.213  13.05    4.306   0.
    2.112   1.65    0.      3.206   1.438   0.156   0.388   0.037   0.106
    0.013   5.7     0.312   2.862   0.025   0.      1.05    0.044   9.887
   11.662   6.381   2.344  12.569  14.238   9.756   3.444   2.469   3.519
   14.3     0.662   0.087   0.1     0.013   0.237   0.738   0.05    9.019]]
The size of cluster 0 is 6775
The size of cluster 1 is 40551
The size of cluster 2 is 4470
The size of cluster 3 is 6240
The size of cluster 4 is 8437
The size of cluster 5 is 1058
The inertia is 1268382079.68






The cluster centers for K=7
[[   0.974    0.005    0.024    1.536    0.053    0.243    0.013    0.225
     0.221    0.007    0.098    0.015    0.942    1.694    0.11     0.
     0.       0.033    0.       0.       0.       0.049    0.009    0.
     0.       0.004    0.001    0.008    0.002    0.015    0.       0.
     0.       0.145    0.       0.008    0.016    0.067    0.       0.
     0.003    0.       0.       0.       0.18     0.       0.003    0.027
     0.001    0.004    0.       0.005    0.001    0.       0.002    0.007
     0.       0.011    1.047    0.922    0.017    0.727    0.001    0.882
     0.026    0.226    0.218    0.352    1.107    1.7      0.024    0.012
     0.014    0.015    0.136    0.76     0.001    0.03     0.007    0.
     0.003    0.024    0.011    0.001    0.001    1.422    0.079    0.106
     0.003    0.109    0.196    0.       0.048    0.001    1.158    0.142
     0.224    0.004    0.       0.036    0.146    0.       0.35     0.088
     0.005    0.004    0.001    0.013    0.001    0.101    0.005    0.019
     0.003    0.       0.013    0.003    0.217    0.246    0.11     0.053
     0.201    0.197    0.224    0.047    0.048    0.044    0.211    0.01
     0.015    0.01     0.003    0.007    0.064    0.002    1.105]
 [   0.019    0.006    0.       0.058    0.       0.       0.       0.019
     0.026    0.       0.013    0.       0.019    0.026    0.       0.
     0.       0.       0.       0.       0.       0.       0.       0.
     0.       0.       0.       0.622    0.       0.       0.       0.
     0.       0.013    0.       0.       0.       0.013    0.       0.
     0.       0.       0.       0.       0.019    0.       0.       0.
     0.       0.       0.       0.       0.       0.       0.       0.
     0.       0.       0.135    0.199    0.006    0.006    0.       0.199
     0.       0.013    0.       0.       0.859    0.013    0.       0.
     0.       0.       0.       0.885    0.       0.006    0.       0.
     0.       0.019    0.       0.       0.       0.       0.       0.006
     0.       0.032    0.       0.       0.       0.       0.006    0.
     0.       0.       0.       0.006    0.013    0.       0.064    0.006
     0.       0.       0.       0.006    0.       0.       0.       0.
     0.       0.       0.       0.       0.       0.006    0.       0.006
     0.       0.       0.       0.       0.006    0.       0.       0.
     0.       0.       0.019    0.       0.006    0.       0.103]
 [   0.083    0.       0.007    0.034    0.021    0.       0.       0.007
     0.007    0.       0.       0.       0.069    0.048    0.       0.
     0.       0.083    0.       0.       0.       0.       0.007    0.
     0.       0.       0.       0.       0.       0.       0.       0.
     0.       0.048    0.       0.       0.       0.021    0.       0.
     0.       0.       0.       0.       0.       0.       0.       0.
     0.       0.       0.       0.       0.       0.       0.       0.
     0.       0.       0.076    0.117    0.       0.048    0.       0.014
     0.       0.034    0.       0.       2.248    0.131    0.       0.007
     0.       0.       0.007    0.8      0.       0.007    0.       0.
     0.       0.       0.       0.       0.       0.       0.       0.
     0.       0.       0.       0.       0.       0.       0.041    0.
     0.034    0.       0.       0.       0.       0.       0.076    0.007
     0.       0.       0.       0.007    0.       0.014    0.       0.
     0.       0.       0.       0.       0.       0.014    0.007    0.007
     0.007    0.       0.       0.       0.014    0.       0.007    0.
     0.       0.       0.       0.       0.       0.       0.062]
 [   0.212    0.002    0.002    0.179    0.014    0.009    0.       0.009
     0.028    0.002    0.042    0.       0.75     0.081    0.       0.
     0.       0.       0.       0.       0.       0.005    0.002    0.
     0.       0.       0.       0.005    0.       0.009    0.       0.
     0.       0.126    0.       0.002    0.       0.012    0.       0.
     0.       0.       0.       0.       0.004    0.       0.       0.
     0.       0.       0.       0.004    0.       0.       0.002    0.
     0.       0.       0.063    0.098    0.       0.149    0.       0.081
     0.       0.151    0.056    0.002    0.035    0.023    0.       0.005
     0.       0.       0.033    0.033    0.       0.019    0.002    0.
     0.002    0.012    0.004    0.       0.       0.019    0.       0.011
     0.       0.002    0.004    0.       0.       0.       0.032    0.
     0.054    0.       0.       0.002    0.047    0.       0.061    0.014
     0.       0.       0.       0.005    0.       0.018    0.       0.
     0.       0.       0.       0.       0.016    0.025    0.004    0.007
     0.033    0.033    0.005    0.005    0.009    0.002    0.033    0.
     0.004    0.       0.       0.       0.005    0.       0.228]
 [  23.179    0.026    0.077   31.94     1.085    0.462    0.179    0.795
     6.573    0.137    1.145    1.966    9.786   41.111    0.06     0.017
     0.       2.094    0.       0.       0.       1.103    0.094    0.
     0.       0.009    0.034    0.094    0.017    0.085    0.       0.
     0.017    0.137    0.       0.068    0.915    1.137    0.       0.
     0.017    0.       0.026    0.026    1.       0.       0.009    2.385
     0.009    0.299    0.       0.325    0.154    0.       0.       0.009
     0.       0.256   37.769   21.214    0.581   23.12     0.051   26.786
     1.222    0.846    3.932    0.188   18.291   30.94     0.692    0.12
     0.701    1.171    2.538   18.068    0.       0.171    0.06     0.
     0.085    0.085    0.077    0.       0.     105.291    3.752    2.726
     0.026    0.342    0.299    0.       7.897    0.017  101.068   14.179
     4.889    0.       0.009    3.034    1.59     0.       3.991    1.291
     0.162    0.402    0.034    0.085    0.       1.983    0.444    1.667
     0.017    0.       1.598    0.034    5.812    4.248    3.026    0.812
     4.53     6.077    6.12     0.598    0.906    0.658    5.513    0.547
     0.111    0.051    0.       0.       0.162    0.197   12.231]
 [   4.906    0.006    0.056    4.       0.325    0.056    0.006    0.113
     0.963    0.019    0.169    0.       2.231    3.913    0.075    0.006
     0.       0.       0.       0.       0.       0.156    0.019    0.
     0.       0.       0.       0.025    0.006    0.044    0.       0.
     0.       0.031    0.       0.013    0.013    0.606    0.       0.
     0.006    0.       0.       0.       0.169    0.       0.       0.219
     0.       0.006    0.       0.025    0.       0.       0.006    0.006
     0.       0.031    3.788   11.838    0.075    3.394    0.013    3.244
     0.787    0.075    0.319    0.331    9.769    3.237    0.069    0.056
     0.081    0.156    0.113    1.669    0.       0.044    0.       0.
     0.006    0.037    0.013    0.       0.006    8.738    0.225    0.469
     0.006    0.031    0.05     0.       1.9      0.006    9.569    1.969
     4.737    0.       0.       0.3      0.75     0.       0.688    0.4
     0.025    0.025    0.       0.05     0.       2.706    0.       0.062
     0.       0.       0.075    0.       3.375    3.769    0.887    1.381
     1.444    1.325    3.837    0.362    1.019    0.369    1.525    0.
     0.006    0.       0.056    0.       0.037    0.006    1.35 ]
 [   0.127    0.       0.       0.322    0.013    0.008    0.       0.025
     0.008    0.004    0.047    0.       0.725    0.936    0.004    0.
     0.       0.       0.       0.       0.       0.004    0.004    0.
     0.       0.       0.       0.004    0.       0.       0.       0.
     0.       0.089    0.       0.       0.       0.       0.       0.
     0.       0.       0.       0.       0.004    0.       0.       0.
     0.       0.       0.       0.       0.       0.       0.       0.
     0.       0.       0.059    0.       0.004    0.042    0.       0.025
     0.       0.119    0.004    0.008    0.263    1.953    0.       0.004
     0.       0.       0.025    0.263    0.       0.004    0.       0.
     0.       0.004    0.       0.       0.004    0.       0.004    0.017
     0.       0.       0.004    0.       0.       0.       0.       0.
     0.004    0.       0.       0.       0.114    0.       0.708    0.034
     0.       0.       0.       0.       0.       0.       0.       0.
     0.       0.       0.       0.       0.       0.       0.004    0.
     0.004    0.004    0.       0.       0.       0.       0.051    0.
     0.       0.       0.       0.       0.       0.       0.555]]
The size of cluster 0 is 10223
The size of cluster 1 is 4426
The size of cluster 2 is 4171
The size of cluster 3 is 32531
The size of cluster 4 is 1072
The size of cluster 5 is 4201
The size of cluster 6 is 10907
The inertia is 1268506162.15






The cluster centers for K=8
[[ 0.     0.     0.    ...,  0.     0.     0.   ]
 [ 0.994  0.005  0.007 ...,  0.026  0.003  1.076]
 [ 0.     0.     0.    ...,  0.     0.     1.   ]
 ..., 
 [ 1.     0.     0.    ...,  0.     0.     0.   ]
 [ 0.     0.     0.    ...,  0.     0.     8.   ]
 [ 0.01   0.     0.    ...,  0.     0.     4.001]]
The size of cluster 0 is 19214
The size of cluster 1 is 9380
The size of cluster 2 is 1883
The size of cluster 3 is 1692
The size of cluster 4 is 24137
The size of cluster 5 is 1753
The size of cluster 6 is 3456
The size of cluster 7 is 6016
The inertia is 1315256302.0






The cluster centers for K=9
[[ 1.012  0.007  0.008 ...,  0.044  0.003  1.093]
 [ 0.358  0.     0.    ...,  0.     0.     0.001]
 [ 2.171  0.     0.    ...,  0.001  0.     0.003]
 ..., 
 [ 3.043  0.     0.    ...,  0.001  0.     1.009]
 [ 0.003  0.     0.    ...,  0.     0.     0.007]
 [ 0.037  0.     0.    ...,  0.     0.     0.017]]
The size of cluster 0 is 7329
The size of cluster 1 is 7638
The size of cluster 2 is 121
The size of cluster 3 is 7129
The size of cluster 4 is 19386
The size of cluster 5 is 13818
The size of cluster 6 is 1470
The size of cluster 7 is 7089
The size of cluster 8 is 3551
The inertia is 1313698914.96






The cluster centers for K=10
[[ 0.619  0.004  0.021 ...,  0.022  0.002  0.865]
 [ 0.193  0.005  0.002 ...,  0.006  0.001  0.087]
 [ 0.076  0.     0.003 ...,  0.     0.     0.07 ]
 ..., 
 [ 1.777  0.     0.002 ...,  0.044  0.     0.459]
 [ 2.122  0.012  0.01  ...,  0.06   0.007  2.03 ]
 [ 3.31   0.008  0.018 ...,  0.28   0.002  5.308]]
The size of cluster 0 is 10279
The size of cluster 1 is 37185
The size of cluster 2 is 1099
The size of cluster 3 is 3458
The size of cluster 4 is 8270
The size of cluster 5 is 56
The size of cluster 6 is 1672
The size of cluster 7 is 2204
The size of cluster 8 is 528
The size of cluster 9 is 2780
The inertia is 1272053860.22






The cluster centers for K=11
[[  0.58    0.004   0.007 ...,   0.028   0.002   0.947]
 [  0.237   0.005   0.    ...,   0.      0.      0.096]
 [  0.      0.      0.    ...,   0.      0.      0.   ]
 ..., 
 [ 12.103   0.017   0.082 ...,   0.481   0.021   5.554]
 [  1.      0.      0.    ...,   0.      0.      0.   ]
 [  0.      0.      0.    ...,   0.      0.      0.   ]]
The size of cluster 0 is 23825
The size of cluster 1 is 649
The size of cluster 2 is 2287
The size of cluster 3 is 25679
The size of cluster 4 is 612
The size of cluster 5 is 6064
The size of cluster 6 is 319
The size of cluster 7 is 79
The size of cluster 8 is 2848
The size of cluster 9 is 2187
The size of cluster 10 is 2982
The inertia is 1294141266.7






The cluster centers for K=12
[[ 0.742  0.006  0.006 ...,  0.056  0.002  0.989]
 [ 2.785  0.     0.    ...,  0.     0.     0.007]
 [ 0.09   0.     0.006 ...,  0.     0.     0.012]
 ..., 
 [ 0.173  0.009  0.    ...,  0.018  0.     0.053]
 [ 9.338  0.     0.    ...,  0.038  0.     8.815]
 [ 0.741  0.     0.    ...,  0.004  0.     2.126]]
The size of cluster 0 is 7618
The size of cluster 1 is 599
The size of cluster 2 is 1846
The size of cluster 3 is 3367
The size of cluster 4 is 1245
The size of cluster 5 is 2178
The size of cluster 6 is 579
The size of cluster 7 is 1106
The size of cluster 8 is 4095
The size of cluster 9 is 32170
The size of cluster 10 is 1225
The size of cluster 11 is 11503
The inertia is 1272968272.76






The cluster centers for K=13
[[ 0.703  0.004  0.004 ...,  0.039  0.002  1.013]
 [ 1.996  0.     0.    ...,  0.001  0.     2.993]
 [ 1.998  0.     0.    ...,  0.001  0.     4.   ]
 ..., 
 [ 0.04   0.     0.    ...,  0.001  0.     0.007]
 [ 0.015  0.     0.    ...,  0.     0.     0.957]
 [ 5.126  0.     0.001 ...,  0.005  0.001  5.02 ]]
The size of cluster 0 is 6835
The size of cluster 1 is 1897
The size of cluster 2 is 601
The size of cluster 3 is 1912
The size of cluster 4 is 681
The size of cluster 5 is 1869
The size of cluster 6 is 4427
The size of cluster 7 is 15346
The size of cluster 8 is 4216
The size of cluster 9 is 4697
The size of cluster 10 is 4824
The size of cluster 11 is 16746
The size of cluster 12 is 3480
The inertia is 1308804251.4






The cluster centers for K=14
[[ 0.57   0.003  0.005 ...,  0.026  0.003  0.899]
 [ 0.774  0.     0.002 ...,  0.002  0.     0.027]
 [ 1.024  0.     0.003 ...,  0.     0.     4.093]
 ..., 
 [ 0.023  0.     0.    ...,  0.     0.003  0.017]
 [ 1.044  0.     0.    ...,  0.01   0.     0.044]
 [ 1.14   0.     0.    ...,  0.02   0.     4.077]]
The size of cluster 0 is 10607
The size of cluster 1 is 9932
The size of cluster 2 is 2861
The size of cluster 3 is 20998
The size of cluster 4 is 818
The size of cluster 5 is 3987
The size of cluster 6 is 2334
The size of cluster 7 is 1026
The size of cluster 8 is 2652
The size of cluster 9 is 3029
The size of cluster 10 is 32
The size of cluster 11 is 2954
The size of cluster 12 is 2586
The size of cluster 13 is 3715
The inertia is 1259359968.32






The cluster centers for K=15
[[ 0.709  0.006  0.007 ...,  0.036  0.004  1.004]
 [ 4.     0.     0.    ...,  0.     0.     0.   ]
 [ 2.8    0.     0.    ...,  0.     0.     5.643]
 ..., 
 [ 0.274  0.     0.    ...,  0.     0.     2.326]
 [ 8.552  0.006  0.086 ...,  0.086  0.043  5.288]
 [ 0.042  0.     0.    ...,  0.     0.     0.155]]
The size of cluster 0 is 7609
The size of cluster 1 is 282
The size of cluster 2 is 1587
The size of cluster 3 is 3216
The size of cluster 4 is 429
The size of cluster 5 is 9008
The size of cluster 6 is 2650
The size of cluster 7 is 989
The size of cluster 8 is 26908
The size of cluster 9 is 2123
The size of cluster 10 is 561
The size of cluster 11 is 5013
The size of cluster 12 is 4437
The size of cluster 13 is 1450
The size of cluster 14 is 1269
The inertia is 1259616677.95






The cluster centers for K=16
[[  0.631   0.004   0.042 ...,   0.019   0.002   0.848]
 [  0.278   0.      0.007 ...,   0.013   0.      0.199]
 [  0.102   0.      0.    ...,   0.      0.      0.028]
 ..., 
 [  0.89    0.      0.    ...,   0.      0.029   0.875]
 [ 47.678   0.067   0.089 ...,   0.344   0.      7.044]
 [ 11.891   0.016   0.031 ...,   0.023   0.      1.783]]
The size of cluster 0 is 6882
The size of cluster 1 is 1972
The size of cluster 2 is 2431
The size of cluster 3 is 22055
The size of cluster 4 is 1882
The size of cluster 5 is 2043
The size of cluster 6 is 596
The size of cluster 7 is 12814
The size of cluster 8 is 7816
The size of cluster 9 is 2389
The size of cluster 10 is 644
The size of cluster 11 is 1562
The size of cluster 12 is 1686
The size of cluster 13 is 1199
The size of cluster 14 is 302
The size of cluster 15 is 1258
The inertia is 1246992230.85






The cluster centers for K=17
[[  0.672   0.006   0.006 ...,   0.032   0.003   1.173]
 [  0.006   0.007   0.    ...,   0.001   0.      0.122]
 [  0.078   0.003   0.001 ...,   0.009   0.      0.082]
 ..., 
 [ 95.571   0.      0.022 ...,   0.275   0.066   6.912]
 [ 24.616   0.      0.667 ...,   0.101   0.      1.141]
 [ 12.904   0.      0.044 ...,   0.119   0.141   8.133]]
The size of cluster 0 is 9799
The size of cluster 1 is 14060
The size of cluster 2 is 7565
The size of cluster 3 is 11024
The size of cluster 4 is 1699
The size of cluster 5 is 5286
The size of cluster 6 is 8432
The size of cluster 7 is 1102
The size of cluster 8 is 1491
The size of cluster 9 is 1206
The size of cluster 10 is 1042
The size of cluster 11 is 260
The size of cluster 12 is 1807
The size of cluster 13 is 1511
The size of cluster 14 is 127
The size of cluster 15 is 349
The size of cluster 16 is 771
The inertia is 1216344991.26






The cluster centers for K=18
[[ 0.406  0.003  0.004 ...,  0.017  0.001  1.41 ]
 [ 0.132  0.005  0.002 ...,  0.011  0.001  0.071]
 [ 8.673  0.014  0.044 ...,  0.126  0.033  2.608]
 ..., 
 [ 3.471  0.002  0.011 ...,  0.718  0.001  2.032]
 [ 1.313  0.011  0.012 ...,  0.026  0.009  1.222]
 [ 0.592  0.003  0.005 ...,  0.021  0.001  4.572]]
The size of cluster 0 is 10480
The size of cluster 1 is 17118
The size of cluster 2 is 1390
The size of cluster 3 is 356
The size of cluster 4 is 3966
The size of cluster 5 is 149
The size of cluster 6 is 4493
The size of cluster 7 is 1549
The size of cluster 8 is 163
The size of cluster 9 is 5616
The size of cluster 10 is 3004
The size of cluster 11 is 1199
The size of cluster 12 is 1639
The size of cluster 13 is 7962
The size of cluster 14 is 926
The size of cluster 15 is 799
The size of cluster 16 is 1645
The size of cluster 17 is 5077
The inertia is 1204019349.62






The cluster centers for K=19
[[  0.723   0.005   0.005 ...,   0.04    0.003   1.035]
 [  0.977   0.      0.    ...,   0.008   0.      0.107]
 [  2.023   0.      0.    ...,   0.015   0.      0.221]
 ..., 
 [  9.923   0.      0.    ...,   0.      0.      0.   ]
 [ 11.225   0.      0.    ...,   0.      0.      0.058]
 [  0.026   0.      0.    ...,   0.      0.      4.   ]]
The size of cluster 0 is 6782
The size of cluster 1 is 2159
The size of cluster 2 is 1257
The size of cluster 3 is 1825
The size of cluster 4 is 1583
The size of cluster 5 is 10298
The size of cluster 6 is 4238
The size of cluster 7 is 8401
The size of cluster 8 is 17537
The size of cluster 9 is 2970
The size of cluster 10 is 393
The size of cluster 11 is 518
The size of cluster 12 is 739
The size of cluster 13 is 3576
The size of cluster 14 is 2313
The size of cluster 15 is 1798
The size of cluster 16 is 88
The size of cluster 17 is 427
The size of cluster 18 is 629
The inertia is 1271476462.61






The cluster centers for K=20
[[ 0.5    0.005  0.004 ...,  0.027  0.001  0.727]
 [ 0.376  0.002  0.001 ...,  0.005  0.001  3.549]
 [ 0.199  0.001  0.002 ...,  0.006  0.     0.228]
 ..., 
 [ 3.227  0.006  0.016 ...,  0.059  0.013  2.398]
 [ 5.254  0.073  0.019 ...,  0.195  0.002  3.677]
 [ 0.264  0.     0.001 ...,  0.005  0.     0.04 ]]
The size of cluster 0 is 4492
The size of cluster 1 is 4974
The size of cluster 2 is 5550
The size of cluster 3 is 15932
The size of cluster 4 is 195
The size of cluster 5 is 1427
The size of cluster 6 is 419
The size of cluster 7 is 3316
The size of cluster 8 is 730
The size of cluster 9 is 1888
The size of cluster 10 is 787
The size of cluster 11 is 309
The size of cluster 12 is 6245
The size of cluster 13 is 1299
The size of cluster 14 is 947
The size of cluster 15 is 1364
The size of cluster 16 is 2118
The size of cluster 17 is 1989
The size of cluster 18 is 191
The size of cluster 19 is 13359
The inertia is 1224043660.55






The cluster centers for K=21
[[ 0.67   0.004  0.004 ...,  0.039  0.004  0.972]
 [ 1.     0.     0.    ...,  0.     0.     0.   ]
 [ 2.089  0.     0.    ...,  0.     0.     0.202]
 ..., 
 [ 0.086  0.009  0.    ...,  0.     0.     0.   ]
 [ 0.968  0.     0.    ...,  0.016  0.     0.333]
 [ 1.967  0.     0.    ...,  0.     0.     0.067]]
The size of cluster 0 is 8014
The size of cluster 1 is 174
The size of cluster 2 is 2439
The size of cluster 3 is 228
The size of cluster 4 is 1254
The size of cluster 5 is 201
The size of cluster 6 is 1722
The size of cluster 7 is 693
The size of cluster 8 is 6651
The size of cluster 9 is 1530
The size of cluster 10 is 1998
The size of cluster 11 is 1085
The size of cluster 12 is 7142
The size of cluster 13 is 22389
The size of cluster 14 is 2901
The size of cluster 15 is 1769
The size of cluster 16 is 3155
The size of cluster 17 is 592
The size of cluster 18 is 267
The size of cluster 19 is 2224
The size of cluster 20 is 1103
The inertia is 1275895963.99






The cluster centers for K=22
[[ 0.468  0.005  0.005 ...,  0.016  0.002  0.926]
 [ 0.     0.     0.    ...,  0.     0.     0.   ]
 [ 0.     0.004  0.    ...,  0.004  0.     0.024]
 ..., 
 [ 4.008  0.     0.    ...,  0.     0.     6.805]
 [ 6.758  0.02   0.045 ...,  0.035  0.056  2.934]
 [ 0.104  0.     0.007 ...,  0.     0.     0.056]]
The size of cluster 0 is 11873
The size of cluster 1 is 865
The size of cluster 2 is 13446
The size of cluster 3 is 2822
The size of cluster 4 is 851
The size of cluster 5 is 843
The size of cluster 6 is 4695
The size of cluster 7 is 772
The size of cluster 8 is 4008
The size of cluster 9 is 375
The size of cluster 10 is 5626
The size of cluster 11 is 1001
The size of cluster 12 is 2916
The size of cluster 13 is 1287
The size of cluster 14 is 66
The size of cluster 15 is 1438
The size of cluster 16 is 6140
The size of cluster 17 is 2083
The size of cluster 18 is 215
The size of cluster 19 is 804
The size of cluster 20 is 1668
The size of cluster 21 is 3737
The inertia is 1279901851.71






The cluster centers for K=23
[[ 0.424  0.004  0.005 ...,  0.02   0.002  0.868]
 [ 0.125  0.     0.    ...,  0.     0.     0.049]
 [ 0.087  0.     0.    ...,  0.024  0.039  0.094]
 ..., 
 [ 0.     0.     0.    ...,  0.     0.     0.043]
 [ 0.     0.     0.    ...,  0.     0.     0.   ]
 [ 0.02   0.     0.    ...,  0.     0.     0.02 ]]
The size of cluster 0 is 7822
The size of cluster 1 is 14868
The size of cluster 2 is 5110
The size of cluster 3 is 1241
The size of cluster 4 is 1997
The size of cluster 5 is 149
The size of cluster 6 is 3828
The size of cluster 7 is 3927
The size of cluster 8 is 5789
The size of cluster 9 is 1670
The size of cluster 10 is 1601
The size of cluster 11 is 1330
The size of cluster 12 is 261
The size of cluster 13 is 138
The size of cluster 14 is 1573
The size of cluster 15 is 356
The size of cluster 16 is 1924
The size of cluster 17 is 876
The size of cluster 18 is 906
The size of cluster 19 is 8907
The size of cluster 20 is 1397
The size of cluster 21 is 0
The size of cluster 22 is 1861
The inertia is 1272022638.39






The cluster centers for K=24
[[ 0.447  0.003  0.005 ...,  0.026  0.002  0.835]
 [ 0.016  0.     0.    ...,  0.     0.     0.031]
 [ 0.063  0.     0.003 ...,  0.006  0.006  0.   ]
 ..., 
 [ 7.085  0.005  0.032 ...,  0.064  0.021  3.5  ]
 [ 0.657  0.     0.    ...,  0.     0.     0.269]
 [ 0.265  0.     0.    ...,  0.     0.     0.11 ]]
The size of cluster 0 is 3572
The size of cluster 1 is 559
The size of cluster 2 is 15538
The size of cluster 3 is 162
The size of cluster 4 is 1396
The size of cluster 5 is 4729
The size of cluster 6 is 363
The size of cluster 7 is 4089
The size of cluster 8 is 1639
The size of cluster 9 is 568
The size of cluster 10 is 4025
The size of cluster 11 is 1763
The size of cluster 12 is 543
The size of cluster 13 is 1613
The size of cluster 14 is 2618
The size of cluster 15 is 1169
The size of cluster 16 is 4310
The size of cluster 17 is 1604
The size of cluster 18 is 1326
The size of cluster 19 is 9034
The size of cluster 20 is 1506
The size of cluster 21 is 2064
The size of cluster 22 is 429
The size of cluster 23 is 2912
The inertia is 1289184103.28




