[ 0.453  0.001  0.003  0.658  0.034  0.059  0.042  0.063  0.082  0.002
  0.028  0.016  0.251  0.72   0.046  0.     0.     0.018  0.     0.     0.
  0.016  0.003  0.     0.     0.001  0.     0.002  0.     0.005  0.     0.
  0.     0.035  0.     0.002  0.007  0.023  0.     0.     0.001  0.     0.
  0.     0.04   0.     0.     0.018  0.     0.002  0.     0.004  0.001  0.
  0.     0.002  0.     0.004  0.622  0.471  0.01   0.362  0.     0.314
  0.021  0.063  0.061  0.173  0.407  0.572  0.009  0.003  0.006  0.023
  0.049  0.261  0.     0.008  0.002  0.     0.001  0.006  0.003  0.001  0.
  0.801  0.034  0.036  0.001  0.026  0.055  0.     0.153  0.     0.698
  0.09   0.096  0.008  0.     0.021  0.058  0.     0.099  0.027  0.004
  0.007  0.003  0.005  0.     0.042  0.012  0.028  0.001  0.     0.009
  0.001  0.088  0.117  0.068  0.02   0.11   0.101  0.091  0.03   0.02
  0.021  0.112  0.007  0.004  0.003  0.002  0.001  0.017  0.001  0.301]

The cluster centers for K=3
[[  -0.043   -0.081    0.04    -0.031    0.011    0.01     0.011    0.002
     0.002    0.001   -0.005    0.001    0.      -0.004    0.001]
 [  51.567  547.565   94.043    8.412    1.579   -1.44     3.162   -5.597
    -0.506    0.633   -0.144   -1.214    1.729    0.238   -0.134]
 [ 122.356   49.519 -230.566  183.894  -13.158  -55.907  -56.973  -20.696
     9.948   -1.456   -1.375   -7.205   -8.33     6.979    0.951]]
The size of cluster 0 is 283600
The size of cluster 1 is 34
The size of cluster 2 is 82
The inertia is 88889950.1413






The cluster centers for K=4
[[  -0.254   -0.086    0.09     0.048    0.014    0.004    0.001   -0.007
     0.004    0.002   -0.011    0.005   -0.003   -0.002    0.001]
 [ 900.765  -99.276  165.238   64.392    0.671   -5.005    7.975  -24.478
     3.119    1.362  -14.39    -0.25    -9.862    9.105   -3.905]
 [ 117.795    8.959  -63.71   -30.177   -1.009   -4.028   -3.009    2.435
    -0.842   -0.365   13.154   -2.122   -0.948    1.016    0.1  ]
 [  52.76   492.782   84.987   12.16    -0.612   -1.215    3.185   12.915
    -2.917    1.444   -0.901   -2.694    5.729    0.424   -0.61 ]]
The size of cluster 0 is 283176
The size of cluster 1 is 16
The size of cluster 2 is 487
The size of cluster 3 is 37
The inertia is 72079692.4503






The cluster centers for K=5
[[-0.322 -0.09   0.193  0.016 -0.038 -0.108  0.052 -0.002  0.011  0.026
  -0.009 -0.012 -0.013  0.012 -0.003]
 [ 1.819 -0.214 -0.507 -0.66   0.368  0.269 -1.056 -0.453 -0.563 -3.274
  -0.207 -0.153  0.139 -1.403  0.713]
 [-0.951 -0.252  0.371  0.243  0.117 -0.306  0.838 -0.567 -1.363 -0.374
  -0.221  0.513  0.62   0.844 -0.152]
 [-0.409  0.424 -4.194  6.    -0.253 -2.109 -1.221 -1.095  5.202 -0.679
   0.544  1.149 -0.319 -0.936 -2.105]
 [-0.795 -0.012  0.312  0.115  2.179  6.126 -4.34   0.647  0.178  5.012
  -0.026  0.055 -0.676  0.994  0.051]]
The size of cluster 0 is 224404
The size of cluster 1 is 19018
The size of cluster 2 is 22000
The size of cluster 3 is 5868
The size of cluster 4 is 12426
The inertia is 102933806.099






The cluster centers for K=6
[[-0.287 -0.05   0.108 -0.022  0.029  0.189 -0.098 -0.022 -0.01  -0.051
  -0.012  0.019  0.006 -0.068  0.02 ]
 [-0.573  0.183 -2.55   3.898 -0.23  -1.816 -1.322 -0.924  2.857 -0.21
   0.256  0.602 -0.188 -1.926 -1.107]
 [ 0.122 -0.257  1.01  -0.098 -0.239 -0.961  0.366  0.753 -0.247  0.321
  -0.149 -0.369  0.004  0.647 -0.102]
 [-0.885 -0.175 -0.127  0.927 -0.278 -1.571 -0.4   -0.422  0.334  0.188
  -0.029 -0.275 -0.366  0.575 -0.03 ]
 [-1.005 -0.321  0.902 -0.351 -0.148 -0.983  0.369 -0.117 -0.105  0.274
  -0.079 -0.261 -0.168  0.595 -0.075]
 [-0.921 -0.217  0.116  0.595 -0.127 -1.071  0.338 -0.505 -0.401  0.342
  -0.114  0.18   0.184  0.426 -0.122]]
The size of cluster 0 is 69297
The size of cluster 1 is 10689
The size of cluster 2 is 25482
The size of cluster 3 is 14268
The size of cluster 4 is 143336
The size of cluster 5 is 20644
The inertia is 105980527.503






The cluster centers for K=7
[[   -0.258    -0.096     0.134     0.01      0.004    -0.003     0.013
     -0.004    -0.01      0.004    -0.019     0.001    -0.       -0.005
      0.002]
 [   48.018    40.963  -207.481   179.25    -11.516   -45.496   -43.579
     -7.823    13.903    -2.503     0.836   -20.185   -13.76      2.443
      0.853]
 [  106.012     7.606   -46.625   -39.943    -0.394     1.02      1.428
      9.792    -0.999     0.185     6.152    -2.016     2.       -1.121
      0.675]
 [  258.932    36.136  -228.431  -230.373     3.018    -7.947    -6.562
    -38.715    17.22      1.065    -4.847    15.436    -9.678    14.458
     -7.982]
 [   93.526  1027.324   202.999     4.828    12.319    -8.054     8.773
   -108.401    13.972    -1.834     2.485     9.634   -14.583    -9.256
      4.021]
 [  667.407   -81.083   163.115    83.673    -0.35     -0.15      7.887
     -1.294    -4.322     0.891     4.838    -3.621    -3.094     3.978
     -1.545]
 [   32.452   376.253    60.616    16.472    -1.823    -0.401     1.608
     23.674    -4.201     2.774    -0.823    -4.415     3.528     2.512
     -1.247]]
The size of cluster 0 is 283061
The size of cluster 1 is 82
The size of cluster 2 is 474
The size of cluster 3 is 27
The size of cluster 4 is 7
The size of cluster 5 is 24
The size of cluster 6 is 41
The inertia is 59991191.3282






The cluster centers for K=8
[[  -0.33    -0.118    0.226   -0.051   -0.151   -0.433    0.285   -0.002
     0.004   -0.008   -0.009    0.003    0.004    0.003   -0.004]
 [ 678.933  -51.809   38.459  -26.738   -0.606   -5.312    4.075   -8.26
     2.477    1.317   -4.834    2.331   -1.825    2.729   -0.277]
 [  96.96     7.928  -41.669  -39.768   -0.493   -0.442   -0.232    6.98
     0.513    0.125   -0.298   -0.06     2.158   -0.821    0.543]
 [ 111.229  587.375  -92.589   92.859  -81.463   20.743   -4.349  773.276
  -114.125   36.597  -22.657  -90.056  144.229   87.416  -46.182]
 [  54.052  567.72   103.799   -1.515    5.593   -4.023    4.298  -47.257
     5.565   -1.44     0.969    3.904   -5.627   -3.828    1.781]
 [  16.83    18.843  -98.533   89.293   26.704   77.167  145.128  -19.508
   -44.542    8.62    -5.364   44.915   13.524   10.015    2.842]
 [   1.571    0.828   -2.719    2.045    5.744   16.214  -11.229   -0.361
    -0.076    0.102   -0.002    0.071    0.205   -0.462    0.059]
 [  34.194   31.016 -142.578  119.932   -9.124  -33.205  -35.214    0.788
     9.826   -2.433    1.482  -16.938  -11.212    1.387    0.584]]
The size of cluster 0 is 275387
The size of cluster 1 is 28
The size of cluster 2 is 531
The size of cluster 3 is 2
The size of cluster 4 is 29
The size of cluster 5 is 55
The size of cluster 6 is 7572
The size of cluster 7 is 112
The inertia is 60132593.8012






The cluster centers for K=9
[[ -0.352  -0.1     0.154   0.078  -0.059  -0.507   0.299  -0.017   0.073
   -0.088   0.002   0.029  -0.003  -0.004  -0.053]
 [  0.077  -0.072  -0.455  -1.572  -0.124  -0.998   0.356  -0.31   -0.072
    0.26   -0.038  -0.204  -0.189   0.566  -0.069]
 [ -0.624   0.226   0.527  -0.188  -1.019  -0.605   0.406   1.124  -0.334
    0.317  -0.129  -0.208  -0.118   0.441  -0.026]
 [ -0.964  -0.308   0.918  -0.34   -0.141  -0.926   0.322  -0.123  -0.115
    0.249  -0.068  -0.247  -0.165   0.506  -0.04 ]
 [  1.014   1.13   -2.926   2.469   4.843  13.593  -8.165  -0.393  -0.231
   -0.104  -0.009   0.038  -0.105  -0.035  -0.076]
 [ 11.212  -1.135   2.565   0.363  -0.131  -0.866   0.462  -0.139  -0.075
    0.224  -0.143  -0.267  -0.16    0.498  -0.079]
 [  1.064  -0.238  -0.011  -0.554  -0.12   -0.707   0.371  -0.08   -0.13
    0.131  -0.078   0.15    0.664  -2.376   0.92 ]
 [ -0.967  -0.149   0.734  -0.109  -0.016  -0.562   0.991   0.014   0.653
    0.11   -0.001   0.146  -0.18    1.117   1.413]
 [ -0.965  -0.287   0.645  -0.056  -0.084  -0.834   0.657  -0.254  -0.272
    0.301  -0.027  -0.066   0.015   0.546  -0.137]]
The size of cluster 0 is 59271
The size of cluster 1 is 16467
The size of cluster 2 is 10491
The size of cluster 3 is 121207
The size of cluster 4 is 10237
The size of cluster 5 is 3327
The size of cluster 6 is 27891
The size of cluster 7 is 5500
The size of cluster 8 is 29325
The inertia is 100950327.662






The cluster centers for K=10
[[ -0.42   -0.055   0.124   0.153   0.006  -0.062   0.051  -0.03    0.064
   -0.033  -0.003   0.04   -0.018   0.024  -0.04 ]
 [ -0.843  -0.16    0.037   0.646   1.426   3.54   -2.658  -0.269   0.962
    3.017   0.061   0.355  -0.611   0.337  -0.417]
 [ -1.011  -0.308   0.909  -0.352  -0.168  -0.988   0.361  -0.092  -0.111
    0.283  -0.087  -0.27   -0.163   0.604  -0.074]
 [ -0.863  -0.305   0.762  -0.406  -0.128  -0.927   0.34    0.003  -0.147
    0.241  -0.072  -0.137   0.345  -1.387   0.676]
 [  0.013  -0.451   1.148  -0.239  -0.147  -0.973   0.355   0.006  -0.143
    0.262  -0.129  -0.265   0.074  -0.063   0.263]
 [ -1.015  -0.328   0.905  -0.339  -0.145  -0.99    0.368  -0.132  -0.088
    0.278  -0.072  -0.26   -0.182   0.609  -0.085]
 [ -0.987  -0.318   0.865  -0.349  -0.136  -0.969   0.379  -0.132  -0.146
    0.266  -0.08   -0.242  -0.112   0.504  -0.027]
 [  1.717   0.027  -0.922  -0.035   0.478   0.899  -0.348   0.419   1.139
   -1.662  -0.041   0.346   0.077  -0.068  -1.048]
 [  2.876  -0.259   0.219  -1.113  -0.22   -1.016   0.362   0.42   -0.157
    0.316  -0.212  -0.292  -0.078   0.73   -0.144]
 [  3.425   8.788 -16.778  14.953  -0.958   8.481  16.52   37.363 -34.447
    7.422  -5.501  44.574 -27.076   0.04   -0.224]]
The size of cluster 0 is 40623
The size of cluster 1 is 14959
The size of cluster 2 is 23635
The size of cluster 3 is 31606
The size of cluster 4 is 18170
The size of cluster 5 is 72199
The size of cluster 6 is 52081
The size of cluster 7 is 16837
The size of cluster 8 is 13343
The size of cluster 9 is 263
The inertia is 101828139.331






The cluster centers for K=11
[[ -0.265  -0.118   0.197  -0.077  -0.195  -0.354   0.194  -0.011  -0.016
   -0.086  -0.016  -0.017   0.009   0.013   0.005]
 [  7.32   -0.171  -1.168  -0.368  -0.26   -1.03    0.037   0.718   0.544
    0.029   0.261  -0.051   0.14    0.091  -0.217]
 [ -0.774  -0.192   0.146   0.373   0.099  -0.288   1.553  -0.377  -0.467
    0.316  -0.107   0.066   0.251   0.324  -0.343]
 [ -0.488   2.032   0.808   0.073   1.201   2.958  -2.213  -0.264   0.172
    1.985  -0.023  -0.194  -0.09    0.471  -0.053]
 [ -0.466  -0.251   0.502  -0.432  -0.109  -0.849   0.411  -0.041  -0.231
    0.221  -0.069  -0.005   0.424  -1.618   0.673]
 [ -0.493   0.965  -0.697   0.995  -0.366   0.579   2.058   8.47   -4.534
    1.182  -1.081  12.125 -16.483  -2.334   0.757]
 [ -0.409  -0.048  -0.371   0.285   0.327   0.55    2.343   0.495   2.682
   -0.36    0.2     1.672  -0.613   0.035  -1.367]
 [  1.887   0.507  -2.199   1.042   6.2    17.528 -11.777  -0.418  -0.846
   -1.975  -0.05   -0.067   0.079   0.068   0.01 ]
 [ -0.911  -0.273   0.83   -0.32   -0.156  -0.924   0.396   0.006  -0.143
    0.245   0.001  -0.219  -0.125   0.555  -0.05 ]
 [  1.151   1.097  -6.256   5.693   0.038  -0.759   0.073  -0.581   0.975
   -0.318   0.129   1.121   1.282  -3.911   0.079]
 [ -0.82   -0.101  -0.297   1.091  -0.215  -1.334  -0.221  -0.313   0.605
    0.055   0.011  -0.069  -0.221   0.207  -0.178]]
The size of cluster 0 is 33612
The size of cluster 1 is 6352
The size of cluster 2 is 13066
The size of cluster 3 is 11733
The size of cluster 4 is 31578
The size of cluster 5 is 455
The size of cluster 6 is 10846
The size of cluster 7 is 5320
The size of cluster 8 is 145896
The size of cluster 9 is 4217
The size of cluster 10 is 20641
The inertia is 98919981.9121






The cluster centers for K=12
[[ -0.357  -0.118   0.232  -0.005  -0.096  -0.493   0.311  -0.001  -0.005
   -0.096  -0.013   0.002  -0.005   0.001  -0.006]
 [ -0.345  -0.123  -0.295  -0.672   0.219   0.06    1.674   0.172   2.091
   -0.218   0.19    0.96    0.934  -3.062   0.715]
 [ -0.642  -0.207   0.258  -1.002  -0.139  -1.021   0.347  -0.269  -0.064
    0.277  -0.081  -0.224  -0.203   0.641  -0.094]
 [ -0.973  -0.284   0.586   0.005  -0.063  -0.786   0.798  -0.38   -0.722
    0.389  -0.134   0.181   0.282   0.696  -0.103]
 [  1.133  -0.585   1.322   0.325  -0.475  -0.695   0.719  -0.394  -0.623
    0.368  -0.167   0.1     0.196   0.704  -0.115]
 [ -0.593   0.154  -2.235   3.459  -0.122  -1.343  -0.043  -0.567   3.513
   -0.425   0.365   0.791  -0.079  -0.558  -1.399]
 [  1.574  -0.08   -0.785  -1.981  -0.116  -0.968   0.354  -0.179  -0.041
    0.214  -0.122  -0.153   0.107  -0.329   0.364]
 [ -0.51   -0.113   0.209  -1.009  -0.134  -0.963   0.32    0.04   -0.159
    0.233  -0.083  -0.174   0.355  -0.963   0.662]
 [ -0.717  -0.348   0.917  -0.363  -0.148  -0.974   0.346   0.003  -0.126
    0.263  -0.071  -0.263   0.018   0.182   0.141]
 [  0.621   0.361  -1.506   1.337   5.23   14.782  -9.834  -0.401   0.119
    2.41    0.038  -0.006   0.023  -0.026  -0.002]
 [ -1.013  -0.314   0.902  -0.333  -0.151  -0.955   0.362  -0.136  -0.081
    0.262  -0.067  -0.254  -0.184   0.591  -0.077]
 [ -0.872  -0.053   0.611  -0.156  -0.258  -0.975   0.329   0.835  -0.239
    0.317  -0.11   -0.35   -0.02    0.687  -0.117]]
The size of cluster 0 is 40571
The size of cluster 1 is 7381
The size of cluster 2 is 10101
The size of cluster 3 is 21366
The size of cluster 4 is 9348
The size of cluster 5 is 12110
The size of cluster 6 is 14334
The size of cluster 7 is 24917
The size of cluster 8 is 16093
The size of cluster 9 is 9059
The size of cluster 10 is 92978
The size of cluster 11 is 25458
The inertia is 101900180.718






The cluster centers for K=13
[[ -0.329  -0.122   0.212  -0.009  -0.018  -0.293   0.166  -0.009   0.004
   -0.054  -0.014  -0.01    0.02    0.001   0.004]
 [  1.213  -0.636   1.623   0.1    -0.017  -0.616   0.15   -0.15   -0.307
   -0.571  -0.054  -0.303  -0.206   0.667  -0.103]
 [ -0.977  -0.135   0.832  -0.298 -10.002   2.278   0.23   -0.986  -0.028
    0.23   -0.062  -0.193  -0.217   0.554  -0.063]
 [  1.161   0.599  -2.384   2.031   8.099  23.142 -15.41   -0.627   0.265
    4.104   0.118  -0.084   0.115  -0.015   0.028]
 [ -0.985  -0.279   0.762  -0.185   0.114  -0.247  -0.138  -0.068  -0.387
   -1.469  -0.12   -0.147  -0.379   0.729  -0.041]
 [  1.872  -0.251  -0.075  -1.358  -0.142  -0.973   0.321   0.056  -0.134
    0.218  -0.152  -0.24    0.139  -0.251   0.356]
 [ -0.977  -0.283   0.552   0.047  -0.035  -0.708   0.943  -0.385  -0.594
    0.369  -0.139   0.204   0.3     0.733  -0.116]
 [ -0.74    0.102  -0.747   1.396   0.937   4.093   0.433   0.268  -0.815
    2.683  -0.175   2.724   0.587   1.541   1.625]
 [ -0.831   0.073   0.52   -0.176  -0.336  -0.945   0.343   1.649  -0.365
    0.364  -0.138  -0.471   0.158   0.801  -0.18 ]
 [ -0.647  -0.281   0.654  -0.6    -0.149  -0.996   0.355  -0.1    -0.088
    0.274  -0.095  -0.245  -0.165   0.616  -0.092]
 [ -0.944   0.022   0.987  -0.339  -0.149  -0.996   0.367  -0.104  -0.186
    0.281   0.589  -0.273  -0.188   0.611  -0.082]
 [ -0.8    -0.101  -0.585   1.465  -0.134  -1.154   0.22   -0.322   1.666
   -0.052   0.122   0.282  -0.135   0.352  -0.891]
 [ -1.003  -0.306   0.789  -0.186  -0.022  -0.593   0.949   0.016   0.781
    0.117   0.015   0.164  -0.07    0.779   0.208]]
The size of cluster 0 is 29409
The size of cluster 1 is 6378
The size of cluster 2 is 1379
The size of cluster 3 is 3732
The size of cluster 4 is 19041
The size of cluster 5 is 23267
The size of cluster 6 is 21452
The size of cluster 7 is 10481
The size of cluster 8 is 18544
The size of cluster 9 is 102569
The size of cluster 10 is 5303
The size of cluster 11 is 25190
The size of cluster 12 is 16971
The inertia is 100997064.559






The cluster centers for K=14
[[ -0.317  -0.141   0.236  -0.052  -0.095  -0.565   0.333   0.021  -0.015
   -0.079  -0.01    0.003  -0.007   0.005  -0.001]
 [ -0.759  -0.003  -1.314   2.43   -0.227  -1.592  -0.41   -0.558   2.072
   -0.181   0.173   0.276  -0.325   0.225  -0.861]
 [ -0.91   -0.3     0.686  -0.277  -0.087  -0.903   0.261  -0.182  -0.107
    0.205  -0.052   0.091   0.816  -4.594   1.705]
 [ -1.001  -0.306   0.747  -0.12    0.041  -0.412   1.217   0.024   1.31
    0.026   0.078   0.289   0.087   0.537  -0.671]
 [ -0.084  -0.45    1.166  -0.115  -0.154  -1.016   0.343  -0.14   -0.091
    0.281  -0.13   -0.28   -0.189   0.622  -0.085]
 [  1.282  -0.354   1.101  -0.067  -0.229  -0.928   0.353   0.787  -0.22
    0.278  -0.2    -0.346   0.017   0.524  -0.132]
 [  0.893   0.366  -1.7     1.421   4.731  13.317  -8.552  -0.262   0.251
    1.929   0.024   0.192   0.105  -0.123  -0.065]
 [ -0.894  -0.092   0.595  -0.185  -0.221  -0.904   0.443   0.761  -0.267
    0.331  -0.118  -0.43   -0.022   0.644  -0.128]
 [ -1.016  -0.33    0.917  -0.356  -0.146  -0.993   0.36   -0.135  -0.107
    0.279  -0.086  -0.263  -0.164   0.572  -0.066]
 [ -1.016  -0.331   0.919  -0.357  -0.146  -0.994   0.358  -0.135  -0.11
    0.28   -0.085  -0.267  -0.16    0.577  -0.064]
 [ -0.913  -0.128   0.711  -0.279  -0.341  -0.931   0.343   0.753  -0.25
    0.314  -0.115  -0.36    0.067   0.373   0.025]
 [ -1.004  -0.213   0.932  -0.348  -0.146  -1.      0.359  -0.141  -0.104
    0.283  -0.085  -0.275  -0.18    0.62   -0.082]
 [ -0.866  -0.345   0.943  -0.345  -0.147  -0.995   0.361  -0.128  -0.107
    0.283  -0.089  -0.27   -0.172   0.612  -0.079]
 [ -1.009  -0.319   0.841  -0.249  -0.06   -0.73    0.743  -0.058   0.537
    0.164  -0.011  -0.004  -0.047   0.495  -0.501]]
The size of cluster 0 is 49143
The size of cluster 1 is 17694
The size of cluster 2 is 18498
The size of cluster 3 is 13790
The size of cluster 4 is 9712
The size of cluster 5 is 14827
The size of cluster 6 is 10180
The size of cluster 7 is 19371
The size of cluster 8 is 38085
The size of cluster 9 is 64350
The size of cluster 10 is 8857
The size of cluster 11 is 6212
The size of cluster 12 is 4442
The size of cluster 13 is 8555
The inertia is 102611091.408




