[ 0.453  0.001  0.003  0.658  0.034  0.059  0.042  0.063  0.082  0.002
  0.028  0.016  0.251  0.72   0.046  0.     0.     0.018  0.     0.     0.
  0.016  0.003  0.     0.     0.001  0.     0.002  0.     0.005  0.     0.
  0.     0.035  0.     0.002  0.007  0.023  0.     0.     0.001  0.     0.
  0.     0.04   0.     0.     0.018  0.     0.002  0.     0.004  0.001  0.
  0.     0.002  0.     0.004  0.622  0.471  0.01   0.362  0.     0.314
  0.021  0.063  0.061  0.173  0.407  0.572  0.009  0.003  0.006  0.023
  0.049  0.261  0.     0.008  0.002  0.     0.001  0.006  0.003  0.001  0.
  0.801  0.034  0.036  0.001  0.026  0.055  0.     0.153  0.     0.698
  0.09   0.096  0.008  0.     0.021  0.058  0.     0.099  0.027  0.004
  0.007  0.003  0.005  0.     0.042  0.012  0.028  0.001  0.     0.009
  0.001  0.088  0.117  0.068  0.02   0.11   0.101  0.091  0.03   0.02
  0.021  0.112  0.007  0.004  0.003  0.002  0.001  0.017  0.001  0.301]

The cluster centers for K=3
[[  -0.079   -0.052   -0.02    -0.005    0.       0.001   -0.001    0.
     0.      -0.      -0.       0.      -0.      -0.001    0.   ]
 [  63.387  641.504  105.286   11.61    -0.786   -1.288    4.085   16.811
    -4.004    1.684   -0.898   -3.442    6.547    3.069   -1.846]
 [ 714.726  -70.793  100.45    38.126    0.222   -4.602    2.151  -15.757
     0.821    0.283    1.21     1.532   -5.372    6.476   -2.057]]
The size of cluster 0 is 283661
The size of cluster 1 is 26
The size of cluster 2 is 29
The inertia is 81140964.7743






The cluster centers for K=4
[[   -0.224    -0.07      0.082     0.026     0.002     0.008     0.005
     -0.004    -0.       -0.       -0.007     0.002    -0.       -0.003
      0.   ]
 [  161.744    12.642   -84.591   -26.874    -1.694    -6.747    -5.164
      2.139     0.721     0.205     7.163    -1.224    -0.003     1.792
     -0.001]
 [   63.387   641.504   105.286    11.61     -0.786    -1.288     4.085
     16.811    -4.004     1.684    -0.898    -3.442     6.547     3.069
     -1.846]
 [ 1560.014  -210.966   467.872   271.3      -0.813     1.73     21.687
     -5.336    -1.502     4.936   -76.933   -11.555    -8.524    11.96
     -5.799]]
The size of cluster 0 is 283351
The size of cluster 1 is 334
The size of cluster 2 is 26
The size of cluster 3 is 5
The inertia is 71075091.6377






The cluster centers for K=5
[[   -0.227    -0.074     0.105    -0.002     0.002     0.009     0.004
     -0.001    -0.002    -0.       -0.007     0.003    -0.       -0.003
      0.001]
 [ 1560.014  -210.966   467.872   271.3      -0.813     1.73     21.687
     -5.336    -1.502     4.936   -76.933   -11.555    -8.524    11.96
     -5.799]
 [   46.714    41.888  -200.761   167.36     -4.573   -21.896    -9.69
    -13.569     3.49      0.516     0.022   -13.97     -4.951     4.19
     -0.571]
 [   63.387   641.504   105.286    11.61     -0.786    -1.288     4.085
     16.811    -4.004     1.684    -0.898    -3.442     6.547     3.069
     -1.846]
 [  177.246     5.357   -55.891   -58.799    -0.479    -1.437    -1.085
      4.457     1.15     -0.166     8.14      1.734     1.443     0.995
     -0.099]]
The size of cluster 0 is 283307
The size of cluster 1 is 5
The size of cluster 2 is 94
The size of cluster 3 is 26
The size of cluster 4 is 284
The inertia is 64826287.2499






The cluster centers for K=6
[[   -0.269    -0.082     0.134     0.019     0.002     0.008     0.003
     -0.006    -0.001    -0.       -0.01      0.004    -0.002    -0.002
      0.   ]
 [  107.819    10.309   -54.197   -49.441    -0.306    -0.155    -0.062
      6.41     -0.084    -0.005     6.148     0.705     2.198     0.093
      0.193]
 [  576.856   -47.668    40.914     0.157     0.183    -5.461    -0.859
    -15.054     1.009    -0.37     12.303     3.353    -3.915     4.534
     -0.913]
 [   46.02     41.81   -199.76    169.656    -4.674   -21.907    -9.864
    -12.696     4.077     0.42      0.085   -14.963    -5.494     3.929
     -0.498]
 [   63.387   641.504   105.286    11.61     -0.786    -1.288     4.085
     16.811    -4.004     1.684    -0.898    -3.442     6.547     3.069
     -1.846]
 [ 1909.602  -271.205   616.424   367.195     0.557     2.842    28.237
    -21.855    -0.808     5.941   -94.922   -14.255   -18.001    23.299
    -11.977]]
The size of cluster 0 is 283109
The size of cluster 1 is 459
The size of cluster 2 is 26
The size of cluster 3 is 93
The size of cluster 4 is 26
The size of cluster 5 is 3
The inertia is 60176360.8751






The cluster centers for K=7
[[   -0.271    -0.103     0.13      0.019     0.002     0.008     0.003
     -0.005    -0.001    -0.       -0.01      0.004    -0.001    -0.002
      0.   ]
 [  129.754  1250.846   229.336    -4.75     14.685    -6.852     8.884
   -120.446    17.269    -1.826     2.528    11.288   -15.871    -9.183
      3.225]
 [ 1909.602  -271.205   616.424   367.195     0.557     2.842    28.237
    -21.855    -0.808     5.941   -94.922   -14.255   -18.001    23.299
    -11.977]
 [  576.856   -47.668    40.914     0.157     0.183    -5.461    -0.859
    -15.054     1.009    -0.37     12.303     3.353    -3.915     4.534
     -0.913]
 [   46.02     41.81   -199.76    169.656    -4.674   -21.907    -9.864
    -12.696     4.077     0.42      0.085   -14.963    -5.494     3.929
     -0.498]
 [  107.928     8.657   -54.221   -49.415    -0.242    -0.141    -0.059
      5.863    -0.017    -0.042     6.213     0.761     2.09      0.019
      0.234]
 [   33.807   329.294    47.98      7.635    -1.915    -0.637     1.762
     22.997    -4.211     1.604    -0.886    -3.067     4.053     2.404
     -1.187]]
The size of cluster 0 is 283084
The size of cluster 1 is 6
The size of cluster 2 is 3
The size of cluster 3 is 26
The size of cluster 4 is 93
The size of cluster 5 is 456
The size of cluster 6 is 48
The inertia is 56039822.5493






The cluster centers for K=8
[[  108.066     8.547   -53.578   -49.605    -0.271    -0.129    -0.177
      6.163     0.216    -0.087     6.27      0.586     1.965    -0.062
      0.259]
 [   -0.271    -0.104     0.13      0.019     0.077    -0.016     0.004
      0.       -0.002    -0.       -0.01      0.003    -0.001    -0.002
      0.   ]
 [   33.807   329.294    47.98      7.635    -1.915    -0.637     1.762
     22.997    -4.211     1.604    -0.886    -3.067     4.053     2.404
     -1.187]
 [ 1909.602  -271.205   616.424   367.195     0.557     2.842    28.237
    -21.855    -0.808     5.941   -94.922   -14.255   -18.001    23.299
    -11.977]
 [   46.714    41.888  -200.761   167.36     -4.573   -21.896    -9.69
    -13.569     3.49      0.516     0.022   -13.97     -4.951     4.19
     -0.571]
 [  576.856   -47.668    40.914     0.157     0.183    -5.461    -0.859
    -15.054     1.009    -0.37     12.303     3.353    -3.915     4.534
     -0.913]
 [  129.754  1250.846   229.336    -4.75     14.685    -6.852     8.884
   -120.446    17.269    -1.826     2.528    11.288   -15.871    -9.183
      3.225]
 [    0.385     1.526    -1.812     0.692  -144.184    47.064    -1.791
    -10.464     0.874    -0.553     0.211     0.647    -0.395    -0.144
      0.015]]
The size of cluster 0 is 454
The size of cluster 1 is 282937
The size of cluster 2 is 48
The size of cluster 3 is 3
The size of cluster 4 is 94
The size of cluster 5 is 26
The size of cluster 6 is 6
The size of cluster 7 is 148
The inertia is 52615009.5659






The cluster centers for K=9
[[  108.479     8.416   -53.604   -49.797    -0.3      -0.179    -0.035
      6.237     0.178    -0.09      6.313     0.578     1.975    -0.036
      0.238]
 [   -0.318    -0.129     0.222    -0.05     -0.103    -0.534     0.319
      0.004     0.       -0.025    -0.01     -0.004     0.004     0.        0.   ]
 [ 1909.602  -271.205   616.424   367.195     0.557     2.842    28.237
    -21.855    -0.808     5.941   -94.922   -14.255   -18.001    23.299
    -11.977]
 [   33.807   329.294    47.98      7.635    -1.915    -0.637     1.762
     22.997    -4.211     1.604    -0.886    -3.067     4.053     2.404
     -1.187]
 [  576.856   -47.668    40.914     0.157     0.183    -5.461    -0.859
    -15.054     1.009    -0.37     12.303     3.353    -3.915     4.534
     -0.913]
 [   46.714    41.888  -200.761   167.36     -4.573   -21.896    -9.69
    -13.569     3.49      0.516     0.022   -13.97     -4.951     4.19
     -0.571]
 [  129.754  1250.846   229.336    -4.75     14.685    -6.852     8.884
   -120.446    17.269    -1.826     2.528    11.288   -15.871    -9.183
      3.225]
 [    1.082     0.627    -2.506     1.964     5.198    14.725    -8.982
     -0.116    -0.055     0.712    -0.004     0.231    -0.138    -0.076
      0.   ]
 [    0.385     1.526    -1.812     0.692  -144.184    47.064    -1.791
    -10.464     0.874    -0.553     0.211     0.647    -0.395    -0.144
      0.015]]
The size of cluster 0 is 451
The size of cluster 1 is 273326
The size of cluster 2 is 3
The size of cluster 3 is 48
The size of cluster 4 is 26
The size of cluster 5 is 94
The size of cluster 6 is 6
The size of cluster 7 is 9614
The size of cluster 8 is 148
The inertia is 49256913.7539






The cluster centers for K=10
[[    0.742     0.516    -2.051     1.821     5.226    14.766    -9.161
     -0.25     -0.056     0.718     0.002     0.323    -0.133    -0.041
      0.007]
 [  585.928   -53.138    63.44     21.758    -0.296    -4.963    -0.502
    -10.015    -0.771    -0.508    14.433     1.929    -2.597     3.202
     -0.125]
 [   31.582   329.804    53.023    10.933    -1.51     -0.574     1.876
     19.593    -3.893     1.418    -0.783    -2.844     3.449     1.701
     -0.795]
 [   -0.373    -0.129     0.23     -0.03     -0.102    -0.533     0.321
      0.001     0.001    -0.025    -0.013    -0.004     0.003     0.001
     -0.001]
 [  179.223    29.44   -148.515  -136.244    -1.001    -5.801    -4.43
     -1.532     4.394     0.184    -2.233     7.573     1.857     5.879
     -1.866]
 [  129.754  1250.846   229.336    -4.75     14.685    -6.852     8.884
   -120.446    17.269    -1.826     2.528    11.288   -15.871    -9.183
      3.225]
 [   44.765    41.844  -199.143   174.283    -4.804   -22.061    -9.726
    -12.174     4.276     0.254     0.143   -14.973    -5.289     3.982
     -0.529]
 [   68.993     3.683   -25.404   -19.718    -0.098     1.172     0.852
      6.386    -0.642    -0.033     4.78     -1.624     1.22     -1.202
      0.459]
 [ 1909.602  -271.205   616.424   367.195     0.557     2.842    28.237
    -21.855    -0.808     5.941   -94.922   -14.255   -18.001    23.299
    -11.977]
 [    0.385     1.526    -1.812     0.692  -144.184    47.064    -1.791
    -10.464     0.874    -0.553     0.211     0.647    -0.395    -0.144
      0.015]]
The size of cluster 0 is 9496
The size of cluster 1 is 24
The size of cluster 2 is 47
The size of cluster 3 is 273045
The size of cluster 4 is 87
The size of cluster 5 is 6
The size of cluster 6 is 90
The size of cluster 7 is 770
The size of cluster 8 is 3
The size of cluster 9 is 148
The inertia is 46690413.2649






The cluster centers for K=11
[[   -0.367    -0.128     0.227    -0.028    -0.102    -0.532     0.311
      0.008     0.007    -0.028    -0.013     0.008     0.001     0.001
     -0.001]
 [  129.754  1250.846   229.336    -4.75     14.685    -6.852     8.884
   -120.446    17.269    -1.826     2.528    11.288   -15.871    -9.183
      3.225]
 [  513.333   -56.528    99.975    60.838    -0.33     -1.429     0.196
     -1.021    -3.213    -0.182    12.006    -0.772    -0.238     0.666
      0.662]
 [   18.706    16.607   -86.989    62.556    19.121    56.835   106.889
     -9.74    -16.698     4.465    -0.559   -27.509   -12.012    -1.857
     -2.228]
 [    0.385     1.526    -1.812     0.692  -144.184    47.064    -1.791
    -10.464     0.874    -0.553     0.211     0.647    -0.395    -0.144
      0.015]
 [  216.022    30.598  -178.336  -168.282    -0.167    -7.031    -4.161
    -12.38      6.832    -0.159    -4.634    10.311    -0.849     9.229
     -3.433]
 [ 1909.602  -271.205   616.424   367.195     0.557     2.842    28.237
    -21.855    -0.808     5.941   -94.922   -14.255   -18.001    23.299
    -11.977]
 [   48.761    45.28   -205.399   188.74    -18.611   -64.311   -80.204
     -4.694    25.221    -4.353     2.599    -2.269    -7.034     4.833
      1.563]
 [   72.451     4.183   -27.733   -24.125    -0.541    -0.203    -1.334
      6.688    -0.153    -0.277     5.117     0.143     2.129    -1.118
      0.607]
 [    0.707     0.427    -1.638     1.427     5.215    14.693    -9.876
     -0.387    -0.178     0.808    -0.002     0.05      0.01     -0.024
      0.022]
 [   33.807   329.294    47.98      7.635    -1.915    -0.637     1.762
     22.997    -4.211     1.604    -0.886    -3.067     4.053     2.404
     -1.187]]
The size of cluster 0 is 273205
The size of cluster 1 is 6
The size of cluster 2 is 27
The size of cluster 3 is 121
The size of cluster 4 is 148
The size of cluster 5 is 63
The size of cluster 6 is 3
The size of cluster 7 is 63
The size of cluster 8 is 726
The size of cluster 9 is 9306
The size of cluster 10 is 48
The inertia is 44098468.7377






The cluster centers for K=12
[[   -0.363    -0.128     0.225    -0.031    -0.102    -0.533     0.311
      0.009     0.007    -0.028    -0.012     0.009     0.001     0.001
     -0.001]
 [ 1909.602  -271.205   616.424   367.195     0.557     2.842    28.237
    -21.855    -0.808     5.941   -94.922   -14.255   -18.001    23.299
    -11.977]
 [   18.716    16.531   -85.856    61.488    18.63     55.626   104.129
     -8.712   -16.798     4.172    -0.676   -27.498   -11.648    -1.901
     -2.22 ]
 [   29.568   306.455    48.569    10.06     -1.399    -0.209     1.639
     19.361    -3.655     1.477    -0.757    -2.368     2.988     1.785
     -0.657]
 [  212.808    36.183  -183.054  -171.668    -0.458    -7.121    -4.307
     -9.899     6.537    -0.064    -4.433    10.187    -0.321     9.689
     -3.611]
 [   77.242     3.784   -27.221   -24.197    -0.601    -0.298    -1.387
      6.874    -0.186    -0.223     5.052     0.188     2.184    -1.03
      0.584]
 [  563.61    -61.505   107.311    66.817    -0.857    -3.089    -0.069
     -1.014    -4.098    -0.431    17.909    -0.786    -0.179     0.23
      1.276]
 [  242.298  2350.445   374.506   -42.01     27.684     4.701     3.084
   -176.411    19.343    -7.883     3.765    16.311   -20.879    -6.928
      2.999]
 [    0.385     1.526    -1.812     0.692  -144.184    47.064    -1.791
    -10.464     0.874    -0.553     0.211     0.647    -0.395    -0.144
      0.015]
 [    0.734     0.411    -1.662     1.402     5.208    14.672    -9.87
     -0.389    -0.175     0.805    -0.003     0.052     0.014    -0.03
      0.022]
 [   48.761    45.28   -205.399   188.74    -18.611   -64.311   -80.204
     -4.694    25.221    -4.353     2.599    -2.269    -7.034     4.833
      1.563]
 [   93.003   939.91    183.164     9.211     9.223    -7.006     8.487
    -80.318    11.366    -0.361     1.568     6.838    -9.851    -6.844
      2.34 ]]
The size of cluster 0 is 273223
The size of cluster 1 is 3
The size of cluster 2 is 126
The size of cluster 3 is 47
The size of cluster 4 is 62
The size of cluster 5 is 689
The size of cluster 6 is 22
The size of cluster 7 is 1
The size of cluster 8 is 148
The size of cluster 9 is 9325
The size of cluster 10 is 63
The size of cluster 11 is 7
The inertia is 42428854.6355






The cluster centers for K=13
[[   31.797     4.313   -20.785    -6.88     -0.415    -0.117    -1.163
      5.932    -0.57     -0.298     1.135     1.964    -0.555    -2.756
      0.996]
 [  563.61    -61.505   107.311    66.817    -0.857    -3.089    -0.069
     -1.014    -4.098    -0.431    17.909    -0.786    -0.179     0.23
      1.276]
 [  129.754  1250.846   229.336    -4.75     14.685    -6.852     8.884
   -120.446    17.269    -1.826     2.528    11.288   -15.871    -9.183
      3.225]
 [  118.848    18.794   -98.38    -90.275    -0.808    -2.32     -2.606
      5.853     2.346    -0.022    -0.116     3.31      2.986     0.998
     -0.145]
 [ 1909.602  -271.205   616.424   367.195     0.557     2.842    28.237
    -21.855    -0.808     5.941   -94.922   -14.255   -18.001    23.299
    -11.977]
 [   -0.436    -0.14      0.278    -0.023    -0.098    -0.531     0.315
     -0.011     0.008    -0.028    -0.017    -0.002     0.007     0.011
     -0.005]
 [   50.804    46.119  -210.2     186.923   -18.493   -64.419   -79.841
     -6.008    24.306    -4.177     2.488    -1.041    -6.271     5.321
      1.404]
 [    0.346     1.492    -1.751     0.674  -141.342    46.112    -1.742
    -10.241     0.846    -0.532     0.203     0.628    -0.385    -0.123
      0.012]
 [    0.488     0.361    -1.402     1.324     5.237    14.761    -9.825
     -0.417    -0.198     0.855     0.002     0.014     0.031     0.054
      0.006]
 [   32.857   322.67     47.487     7.528    -1.653    -0.334     1.652
     21.539    -3.914     1.606    -0.834    -2.568     3.566     2.393
     -1.009]
 [  167.045   -15.116    25.986    11.892    -0.274     0.206     1.934
      4.539    -3.245     0.089    28.388    -1.061    -0.026     0.606
      0.082]
 [  443.46     45.65   -332.877  -351.485     5.254   -15.12     -6.573
    -75.874    26.129    -0.429    -9.622    23.989   -19.024    23.291
    -10.142]
 [   19.982    17.332   -94.606    68.258    21.467    64.177   119.199
     -9.692   -12.128     3.678    -1.685   -31.848   -12.283    -1.653
     -2.343]]
The size of cluster 0 is 1494
The size of cluster 1 is 22
The size of cluster 2 is 6
The size of cluster 3 is 164
The size of cluster 4 is 3
The size of cluster 5 is 272341
The size of cluster 6 is 63
The size of cluster 7 is 154
The size of cluster 8 is 9208
The size of cluster 9 is 50
The size of cluster 10 is 102
The size of cluster 11 is 10
The size of cluster 12 is 99
The inertia is 40758904.6695






The cluster centers for K=14
[[   15.701    14.331   -73.101    53.72     17.011    51.627    94.32
     -4.573   -11.392     2.77     -0.269   -22.243   -13.081    -2.224
     -2.199]
 [ 1909.602  -271.205   616.424   367.195     0.557     2.842    28.237
    -21.855    -0.808     5.941   -94.922   -14.255   -18.001    23.299
    -11.977]
 [   52.185    47.208  -218.77    190.623   -15.797   -57.085   -65.224
    -10.739    12.785    -1.927     1.03     -3.115    -4.222     6.061
      1.854]
 [  199.595   -17.809    31.045    12.318    -0.079     1.365     2.454
      6.222    -4.134     0.397    31.484    -1.449     0.355     0.362
      0.474]
 [   93.003   939.91    183.164     9.211     9.223    -7.006     8.487
    -80.318    11.366    -0.361     1.568     6.838    -9.851    -6.844
      2.34 ]
 [   39.262     3.509   -18.801   -13.35     -0.356    -0.014    -1.473
      5.011    -0.067    -0.182     1.374     0.044     1.719    -1.875
      0.782]
 [    0.346     1.492    -1.751     0.674  -141.342    46.112    -1.742
    -10.241     0.846    -0.532     0.203     0.628    -0.385    -0.123
      0.012]
 [  443.46     45.65   -332.877  -351.485     5.254   -15.12     -6.573
    -75.874    26.129    -0.429    -9.622    23.989   -19.024    23.291
    -10.142]
 [  119.075    19.262  -100.672   -92.397    -0.891    -2.815    -2.301
      5.124     2.498    -0.276    -0.123     3.47      2.786     1.205
     -0.267]
 [  603.475   -66.056   115.871    76.111    -1.639    -5.236     0.133
     -0.31     -5.181    -0.742    25.647    -0.72     -0.028     0.169
      1.458]
 [   31.834   306.432    43.619     6.78     -1.808    -0.28      1.53
     22.769    -3.979     1.662    -0.86     -2.601     3.602     2.487
     -1.052]
 [    0.533     0.389    -1.529     1.408     5.202    14.655    -9.853
     -0.399    -0.187     0.808     0.003     0.029     0.009    -0.005
      0.015]
 [   -0.422    -0.135     0.257    -0.013    -0.1      -0.536     0.31
     -0.        0.009    -0.028    -0.016     0.009    -0.001     0.006
     -0.003]
 [  242.298  2350.445   374.506   -42.01     27.684     4.701     3.084
   -176.411    19.343    -7.883     3.765    16.311   -20.879    -6.928
      2.999]]
The size of cluster 0 is 141
The size of cluster 1 is 3
The size of cluster 2 is 66
The size of cluster 3 is 82
The size of cluster 4 is 7
The size of cluster 5 is 1175
The size of cluster 6 is 154
The size of cluster 7 is 10
The size of cluster 8 is 155
The size of cluster 9 is 18
The size of cluster 10 is 48
The size of cluster 11 is 9280
The size of cluster 12 is 272576
The size of cluster 13 is 1
The inertia is 39088689.8849




