[ 0.147  2.407  2.576  0.345  0.023  0.723  0.195  0.415  0.493  1.505
  0.011  0.001  0.001  0.013  0.074  0.     0.072  0.     0.     0.     0.335
  0.504  0.005  0.229  0.009  1.855  0.     0.031  1.713  0.     0.505
  0.506  0.827  0.016  0.118  0.119  0.568  0.046  0.114  0.728  0.     0.
  0.031  0.078  0.     0.004  0.     0.092  4.716  4.042  0.035  0.     0.305
  1.585  6.22   0.322  2.113  0.     0.001  0.015  0.029  0.     0.017
  0.049  0.196  0.     0.97   0.012  0.07   0.09   1.777]

The cluster centers for K=2
[[    0.109     2.242     2.531     0.339     0.022     0.628     0.194
      0.408     0.416     1.493     0.011     0.001     0.001     0.013
      0.073     0.        0.071     0.        0.        0.        0.329
      0.497     0.005     0.221     0.009     1.459     0.        0.031
      1.584     0.        0.498     0.463     0.659     0.015     0.117
      0.118     0.554     0.043     0.1       0.688     0.        0.
      0.03      0.02      0.        0.004     0.        0.09      4.103
      3.854     0.033     0.        0.3       1.569     6.113     0.24
      1.932     0.        0.001     0.015     0.012     0.        0.006
      0.014     0.195     0.        0.921     0.012     0.069     0.089
      1.711]
 [  324.125  1395.875   380.875    46.25      8.375   809.25      7.375
     54.5     653.5     107.625     1.375     0.125     0.        1.125
     11.125     0.       12.875    -0.        0.        0.       52.875
     62.75      0.375    70.75      0.875  3337.75      0.125     2.
   1093.875     0.       63.      364.75   1424.625     3.75      5.875
     10.375   115.375    26.75    120.      331.875     0.        0.
      5.75    486.875     0.        0.125     0.       10.5    5172.
   1593.875    13.375     0.       43.875   137.375   907.625   685.25
   1527.5       0.        0.        2.375   146.125     0.       93.75
    294.625     7.625     0.      418.875     0.25      9.125     5.125
    558.75 ]]
The size of cluster 0 is 67523
The size of cluster 1 is 8
The inertia is 786696852.254






The cluster centers for K=3
[[    2.746    77.622   197.808    10.773     1.021    24.216     6.601
      6.543    10.866    94.605     0.117     0.007     0.017     0.33
      0.062     0.003     0.069     0.        0.017    -0.        4.216
      8.777     0.234     7.893     0.086    56.997     0.003     1.371
    104.12     -0.        8.856     8.777    27.309     0.447     4.567
      5.897    21.093     2.01      4.182    27.749    -0.        0.007
      1.43      0.825     0.003     0.168     0.        3.674   166.701
    230.608     1.643     0.       17.33     83.787   424.794    15.811
     82.361     0.        0.065     1.821     0.491    -0.        0.265
      0.873     6.66      0.007    62.113     0.326     1.148     2.155
    105.729]
 [    0.097     1.916     1.686     0.294     0.017     0.526     0.167
      0.382     0.371     1.09      0.01      0.001     0.001     0.011
      0.073     0.        0.071     0.        0.        0.        0.312
      0.461     0.004     0.188     0.009     1.219     0.        0.025
      1.14      0.        0.462     0.427     0.543     0.013     0.098
      0.093     0.465     0.035     0.082     0.571     0.       -0.
      0.024     0.016     0.        0.003     0.        0.075     3.4
      2.872     0.026     0.        0.226     1.213     4.301     0.173
      1.584     0.        0.001     0.007     0.01      0.        0.005
      0.01      0.167     0.        0.656     0.011     0.064     0.08
      1.261]
 [  324.125  1395.875   380.875    46.25      8.375   809.25      7.375
     54.5     653.5     107.625     1.375     0.125     0.        1.125
     11.125     0.       12.875    -0.        0.        0.       52.875
     62.75      0.375    70.75      0.875  3337.75      0.125     2.
   1093.875     0.       63.      364.75   1424.625     3.75      5.875
     10.375   115.375    26.75    120.      331.875     0.        0.
      5.75    486.875     0.        0.125     0.       10.5    5172.
   1593.875    13.375     0.       43.875   137.375   907.625   685.25
   1527.5       0.        0.        2.375   146.125     0.       93.75
    294.625     7.625     0.      418.875     0.25      9.125     5.125
    558.75 ]]
The size of cluster 0 is 291
The size of cluster 1 is 67232
The size of cluster 2 is 8
The inertia is 684198565.319






The cluster centers for K=4
[[    0.097     1.911     1.681     0.292     0.017     0.524     0.167
      0.381     0.37      1.091     0.01      0.001     0.001     0.011
      0.073     0.        0.071     0.        0.        0.        0.311
      0.461     0.004     0.188     0.009     1.218     0.        0.025
      1.135     0.        0.461     0.426     0.541     0.013     0.097
      0.09      0.464     0.035     0.082     0.57      0.       -0.
      0.024     0.016     0.        0.003     0.        0.074     3.387
      2.841     0.026     0.        0.221     1.197     4.22      0.172
      1.561     0.        0.001     0.007     0.009     0.        0.005
      0.01      0.167     0.        0.656     0.011     0.064     0.08
      1.262]
 [  324.125  1395.875   380.875    46.25      8.375   809.25      7.375
     54.5     653.5     107.625     1.375     0.125     0.        1.125
     11.125     0.       12.875    -0.        0.        0.       52.875
     62.75      0.375    70.75      0.875  3337.75      0.125     2.
   1093.875     0.       63.      364.75   1424.625     3.75      5.875
     10.375   115.375    26.75    120.      331.875     0.        0.
      5.75    486.875     0.        0.125     0.       10.5    5172.
   1593.875    13.375     0.       43.875   137.375   907.625   685.25
   1527.5       0.        0.        2.375   146.125     0.       93.75
    294.625     7.625     0.      418.875     0.25      9.125     5.125
    558.75 ]
 [    2.696    67.984   187.353    10.595     0.964    23.282     6.217
      6.346    10.372    68.453     0.11      0.006     0.016     0.311
      0.061     0.003     0.068     0.        0.016    -0.        4.162
      8.262     0.22      7.434     0.081    52.35      0.003     1.32
     97.547    -0.        8.553     8.45     26.288     0.421     4.401
      6.162    19.735     1.896     4.039    25.977    -0.        0.006
      1.421     0.777     0.003     0.162     0.        3.696   160.036
    224.204     1.563     0.       17.447    82.547   417.893    15.149
     82.754     0.        0.061     1.722     0.466    -0.        0.249
      0.835     6.272     0.006    58.515     0.307     1.094     2.042
     76.89 ]
 [    0.     1960.        0.        0.        0.        0.        0.        0.
      0.     6327.        0.        0.        0.        0.        0.        0.
      0.        0.        0.        0.        0.        0.        0.        0.
      0.      472.        0.        0.      502.        0.        0.        0.
      0.        0.        0.        0.      121.        0.        0.      123.
      0.        0.        0.        0.        0.        0.        0.        0.
      3.        3.        0.        0.        0.        0.        0.        0.
      1.        0.        0.        0.        0.        0.        0.        0.
      0.        0.        6.        1.        0.        0.     6968.   ]]
The size of cluster 0 is 67213
The size of cluster 1 is 8
The size of cluster 2 is 309
The size of cluster 3 is 1
The inertia is 593659727.579






The cluster centers for K=5
[[    0.091     1.834     1.525     0.271     0.016     0.482     0.159
      0.37      0.351     1.007     0.01      0.001     0.        0.011
      0.073     0.        0.071     0.        0.        0.        0.302
      0.451     0.004     0.178     0.008     1.145     0.        0.017
      1.026     0.        0.445     0.409     0.488     0.013     0.081
      0.073     0.431     0.033     0.078     0.526     0.       -0.
      0.021     0.016     0.        0.003     0.        0.067     3.131
      2.456     0.024     0.        0.191     1.061     3.684     0.147
      1.423     0.        0.001     0.006     0.007     0.        0.005
      0.009     0.16      0.        0.613     0.01      0.062     0.077
      1.172]
 [  566.5    2339.25      1.75      1.        0.      993.        0.
      0.75    867.75      0.5       0.        0.        0.        0.        0.
      0.        0.        0.        0.        0.        1.        0.        0.
      0.        0.     5079.25      0.25      0.     1189.25      0.
      1.25    168.75   2176.25      0.        0.        0.       52.25
     37.        0.       81.5       0.        0.        0.      929.        0.
      0.        0.        1.75   6158.5     508.        0.        0.
      1.5       1.       28.75    803.75   1579.5       0.        0.        0.
    285.25      0.      177.25    407.25      0.        0.      739.25
      0.        0.        0.      497.75 ]
 [   54.833   312.667   560.5      63.5      12.167   482.5       9.833
     79.      305.333   197.833     1.833     0.167     0.        1.667
     14.833     0.       17.167     0.        0.        0.       69.833
     83.833     0.5      94.333     1.167  1097.167     0.        7.167
    883.5       0.       94.5     388.333   512.833     5.        7.833
     61.      184.667    11.      160.167   448.167     0.        0.
      7.667    29.833     0.        0.167     0.       12.833  2954.333
   2202.167    17.833     0.       61.333   375.333  2810.333   379.5
    991.833     0.        0.        3.167     4.667     0.        6.833
    121.333    10.167     0.       69.167     0.333    12.167     7.167
    479.   ]
 [    2.343    51.015   131.813     9.102     0.74     18.618     4.761
      5.308     8.728    51.343     0.11      0.008     0.017     0.227
      0.054     0.002     0.062     0.008     0.017    -0.        3.784
      6.385     0.166     5.724     0.071    40.79      0.002     1.767
     70.152    -0.        7.181     7.281    21.902     0.339     4.773
      5.368    15.424     1.399     2.882    20.726    -0.        0.004
      1.247     0.563     0.002     0.152     0.        3.143   127.765
    179.509     1.2       0.       14.26     65.021   300.977    12.225
     67.603     0.        0.039     1.112     0.539    -0.        0.181
      0.613     4.825     0.004    40.599     0.26      0.915     1.628
     57.102]
 [    0.     1960.        0.        0.        0.        0.        0.        0.
      0.     6327.        0.        0.        0.        0.        0.        0.
      0.        0.        0.        0.        0.        0.        0.        0.
      0.      472.        0.        0.      502.        0.        0.        0.
      0.        0.        0.        0.      121.        0.        0.      123.
      0.        0.        0.        0.        0.        0.        0.        0.
      3.        3.        0.        0.        0.        0.        0.        0.
      1.        0.        0.        0.        0.        0.        0.        0.
      0.        0.        6.        1.        0.        0.     6968.   ]]
The size of cluster 0 is 67001
The size of cluster 1 is 4
The size of cluster 2 is 6
The size of cluster 3 is 519
The size of cluster 4 is 1
The inertia is 525628755.057






The cluster centers for K=6
[[    0.094     1.864     1.594     0.28      0.016     0.498     0.164
      0.374     0.356     1.037     0.01      0.001     0.        0.011
      0.073     0.        0.071     0.        0.        0.        0.306
      0.456     0.004     0.183     0.009     1.166     0.        0.018
      1.06      0.        0.451     0.416     0.508     0.013     0.083
      0.077     0.439     0.033     0.079     0.539     0.       -0.
      0.022     0.016     0.        0.003     0.        0.07      3.217
      2.577     0.025     0.        0.207     1.126     3.959     0.157
      1.477     0.        0.001     0.007     0.008     0.        0.005
      0.01      0.164     0.        0.634     0.01      0.063     0.078
      1.204]
 [  574.667  3118.333     2.333     1.333     0.     1108.667     0.        1.
    951.        0.667     0.        0.        0.        0.        0.       -0.
      0.        0.       -0.        0.        1.        0.        0.        0.
      0.     5186.333     0.333     0.     1377.667     0.        1.333
      0.667  2324.667     0.        0.       -0.       42.333    49.333
      0.       38.333     0.       -0.        0.     1238.667     0.        0.
     -0.        2.333  6973.333   479.333     0.       -0.        2.
      1.333    38.333   865.667  1704.667    -0.       -0.        0.
    380.333     0.      236.333   337.        0.        0.      785.667
      0.        0.        0.      246.667]
 [   57.      888.      434.      170.        6.      258.       29.5
    214.      194.5     295.5       5.        0.5       0.        5.
     44.5       0.       51.5       0.        0.        0.      200.5
    250.5       1.5      34.        3.5     651.5       0.        8.5
    706.5       0.      246.5     272.      276.        5.       23.5
     41.5     201.       13.5      36.5     237.        0.        0.       19.
      2.        0.        0.5       0.       27.5    1817.     1076.5
     51.5       0.      160.      479.     6097.5      73.      943.5
      0.        0.        3.5       6.5       0.        1.        6.5
     30.5       0.       74.5       1.       36.5      18.5     409.5  ]
 [  189.25     25.5     623.75      9.25     13.75    659.75      0.
      4.25    498.5     100.5       0.25      0.        0.        0.        0.
      0.        0.        0.        0.        0.        4.75      0.5
      0.      124.5       0.     2479.5       0.        1.     1020.5
      0.        5.5     595.5     969.        5.        0.        0.
    100.25      9.75    222.      518.        0.        0.        2.
     43.75      0.        0.        0.        5.5    4227.75   2341.        1.
      0.        9.75     60.75    627.      687.25   1313.75      0.        0.
      3.        3.75      0.        9.75    333.25      0.        0.
    216.5       0.        0.        1.5     767.5  ]
 [    2.456    57.606   151.088     9.724     0.924    21.359     5.097
      5.798     9.967    58.789     0.114     0.005     0.021     0.259
      0.057     0.002     0.069     0.01      0.012    -0.        3.933
      6.945     0.19      6.306     0.081    46.948     0.002     2.031
     81.758    -0.        7.893     8.029    24.743     0.409     5.475
      6.606    18.622     1.646     3.328    24.207    -0.        0.005
      1.352     0.66      0.002     0.128     0.        3.349   145.266
    206.895     1.344     0.       15.128    71.905   331.537    13.575
     74.373     0.        0.048     1.311     0.556    -0.        0.207
      0.691     5.173     0.005    46.501     0.297     0.995     1.829
     65.682]
 [    0.     1960.        0.        0.        0.        0.        0.        0.
      0.     6327.        0.        0.        0.        0.        0.        0.
      0.        0.        0.        0.        0.        0.        0.        0.
      0.      472.        0.        0.      502.        0.        0.        0.
      0.        0.        0.        0.      121.        0.        0.      123.
      0.        0.        0.        0.        0.        0.        0.        0.
      3.        3.        0.        0.        0.        0.        0.        0.
      1.        0.        0.        0.        0.        0.        0.        0.
      0.        0.        6.        1.        0.        0.     6968.   ]]
The size of cluster 0 is 67100
The size of cluster 1 is 3
The size of cluster 2 is 2
The size of cluster 3 is 4
The size of cluster 4 is 421
The size of cluster 5 is 1
The inertia is 471168940.89






The cluster centers for K=7
[[    0.092     1.842     1.553     0.273     0.016     0.487     0.159
      0.371     0.353     1.019     0.01      0.001     0.        0.011
      0.073     0.        0.071     0.        0.        0.        0.303
      0.451     0.004     0.178     0.008     1.153     0.        0.017
      1.035     0.        0.447     0.411     0.495     0.013     0.081
      0.074     0.434     0.033     0.079     0.53      0.       -0.
      0.021     0.016     0.        0.003     0.        0.067     3.156
      2.488     0.025     0.        0.194     1.074     3.733     0.15
      1.436     0.        0.001     0.006     0.008     0.        0.005
      0.009     0.159     0.        0.628     0.01      0.062     0.078
      1.184]
 [  281.833  2188.167   437.333     6.167     9.167   781.667     0.
      4.167   621.667    71.667     0.167    -0.        0.        0.        0.
      0.        0.        0.        0.        0.        3.167     0.333
      0.       83.       -0.     3254.5       0.        0.667  1163.5
      0.       14.833   155.5    1400.167     3.333    -0.        0.
     41.833     6.5     148.      286.        0.        0.        1.333
     29.167     0.        0.        0.        2.833  4127.167   396.833
      0.833     0.        6.       32.667   122.833   518.167  1003.667
      0.        0.       79.333   192.5       0.        6.5     273.167
     -0.        0.      142.5       0.        0.        0.167   287.833]
 [   79.       26.       82.        2.        0.     1132.        0.        3.
    735.       16.        0.        0.        0.        0.        0.        0.
      0.        0.        0.        0.        1.        0.        0.        0.
      0.     1570.        0.        0.     1015.        0.        0.     1464.
    875.        0.        0.        0.      277.        0.        1.      472.
      0.        0.        0.        0.        0.        0.        0.        5.
   5234.     7060.        0.        0.        3.       47.     1774.      848.
   1488.        0.        0.        0.        1.        0.        0.      705.
      0.        0.       11.        0.        0.        5.     1379.   ]
 [   57.      888.      434.      170.        6.      258.       29.5
    214.      194.5     295.5       5.        0.5       0.        5.
     44.5       0.       51.5       0.        0.        0.      200.5
    250.5       1.5      34.        3.5     651.5       0.        8.5
    706.5       0.      246.5     272.      276.        5.       23.5
     41.5     201.       13.5      36.5     237.        0.        0.       19.
      2.        0.        0.5       0.       27.5    1817.     1076.5
     51.5       0.      160.      479.     6097.5      73.      943.5
      0.        0.        3.5       6.5       0.        1.        6.5
     30.5       0.       74.5       1.       36.5      18.5     409.5  ]
 [    0.     1960.        0.        0.        0.        0.        0.        0.
      0.     6327.        0.        0.        0.        0.        0.        0.
      0.        0.        0.        0.        0.        0.        0.        0.
      0.      472.        0.        0.      502.        0.        0.        0.
      0.        0.        0.        0.      121.        0.        0.      123.
      0.        0.        0.        0.        0.        0.        0.        0.
      3.        3.        0.        0.        0.        0.        0.        0.
      1.        0.        0.        0.        0.        0.        0.        0.
      0.        0.        6.        1.        0.        0.     6968.   ]
 [    2.317    43.198   133.861     9.267     0.788    17.848     4.992
      5.398     8.246    52.467     0.113     0.008     0.018     0.234
      0.055     0.002     0.063     0.008     0.018    -0.        3.83
      6.634     0.166     6.002     0.075    36.182     0.002     1.881
     71.844    -0.        7.265     7.469    21.006     0.354     4.921
      6.046    16.58      1.448     2.952    21.889    -0.        0.004
      1.293     0.59      0.002     0.145     0.        3.214   130.642
    188.168     1.202     0.       14.558    68.438   313.212    12.313
     68.857     0.        0.04      0.226     0.523    -0.        0.19
      0.638     5.059     0.004    40.455     0.257     0.901     1.63
     58.588]
 [  711.      807.        6.        2.        0.     1074.        0.        2.
    742.        2.        0.        0.        0.        0.        0.        0.
      0.        0.        0.        0.        2.        0.        0.        0.
      0.     7164.        1.        0.      809.        0.        2.        2.
   2503.        0.        0.        0.        0.      148.        0.        0.
      0.        0.        0.     3716.        0.        0.        0.        7.
   8591.     1437.        0.        0.        6.        4.      113.     1450.
   2964.        0.        0.        0.        0.        0.      709.        0.
      0.        0.     2357.        0.        0.        0.      740.   ]]
The size of cluster 0 is 67025
The size of cluster 1 is 6
The size of cluster 2 is 1
The size of cluster 3 is 2
The size of cluster 4 is 1
The size of cluster 5 is 495
The size of cluster 6 is 1
The inertia is 427480490.082






The cluster centers for K=8
[[    0.091     1.835     1.607     0.268     0.017     0.476     0.161
      0.369     0.349     1.023     0.01      0.001     0.001     0.011
      0.073     0.        0.071     0.        0.        0.        0.301
      0.456     0.004     0.182     0.008     1.143     0.        0.017
      1.021     0.        0.444     0.407     0.482     0.013     0.079
      0.073     0.431     0.033     0.078     0.526     0.       -0.
      0.02      0.016     0.        0.003     0.        0.066     3.107
      2.411     0.024     0.        0.184     1.034     3.542     0.145
      1.399     0.        0.001     0.006     0.008     0.        0.005
      0.009     0.162     0.        0.645     0.01      0.063     0.08
      1.192]
 [  281.833  2188.167   437.333     6.167     9.167   781.667     0.
      4.167   621.667    71.667     0.167    -0.        0.        0.        0.
      0.        0.        0.        0.        0.        3.167     0.333
      0.       83.       -0.     3254.5       0.        0.667  1163.5
      0.       14.833   155.5    1400.167     3.333    -0.        0.
     41.833     6.5     148.      286.        0.        0.        1.333
     29.167     0.        0.        0.        2.833  4127.167   396.833
      0.833     0.        6.       32.667   122.833   518.167  1003.667
      0.        0.       79.333   192.5       0.        6.5     273.167
     -0.        0.      142.5       0.        0.        0.167   287.833]
 [    1.143    31.029  1076.       11.543     1.514     9.429    52.514
      6.171     8.371   154.114     0.086     0.        0.        0.971
      0.057     0.        0.086     0.        0.       -0.        1.914
     57.057     0.257    57.771     0.029    41.171    -0.        2.543
    137.257    -0.        6.657     7.6       9.543     0.029     0.286
      3.        9.829     3.229     0.886     8.971    -0.        0.
      0.343     0.171     0.029     0.257     0.        1.343    84.371
     96.029     1.086     0.        6.543    46.629   145.686    10.286
     28.429     0.        0.        0.2       0.343    -0.        0.057
      0.086    53.114    -0.      389.543     1.686     4.686     7.8
    175.714]
 [    0.     1960.        0.        0.        0.        0.        0.        0.
      0.     6327.        0.        0.        0.        0.        0.        0.
      0.        0.        0.        0.        0.        0.        0.        0.
      0.      472.        0.        0.      502.        0.        0.        0.
      0.        0.        0.        0.      121.        0.        0.      123.
      0.        0.        0.        0.        0.        0.        0.        0.
      3.        3.        0.        0.        0.        0.        0.        0.
      1.        0.        0.        0.        0.        0.        0.        0.
      0.        0.        6.        1.        0.        0.     6968.   ]
 [   57.      888.      434.      170.        6.      258.       29.5
    214.      194.5     295.5       5.        0.5       0.        5.
     44.5       0.       51.5       0.        0.        0.      200.5
    250.5       1.5      34.        3.5     651.5       0.        8.5
    706.5       0.      246.5     272.      276.        5.       23.5
     41.5     201.       13.5      36.5     237.        0.        0.       19.
      2.        0.        0.5       0.       27.5    1817.     1076.5
     51.5       0.      160.      479.     6097.5      73.      943.5
      0.        0.        3.5       6.5       0.        1.        6.5
     30.5       0.       74.5       1.       36.5      18.5     409.5  ]
 [    2.299    40.134    48.177     8.679     0.511    17.687     0.927
      5.035     7.791    39.131     0.094     0.008     0.012     0.121
      0.052     0.002     0.065     0.002     0.017    -0.        3.816
      1.96      0.136     1.344     0.075    33.056     0.002     1.643
     61.061    -0.        6.866     7.125    20.977     0.347     4.975
      5.658    15.47      1.175     2.871    20.722    -0.        0.004
      1.29      0.56     -0.        0.136     0.        3.154   125.19
    182.532     1.115     0.       14.768    67.109   312.749    11.676
     68.388     0.        0.036     0.18      0.47     -0.        0.18
      0.616     0.929     0.006    10.163     0.092     0.497     0.789
     42.937]
 [  711.      807.        6.        2.        0.     1074.        0.        2.
    742.        2.        0.        0.        0.        0.        0.        0.
      0.        0.        0.        0.        2.        0.        0.        0.
      0.     7164.        1.        0.      809.        0.        2.        2.
   2503.        0.        0.        0.        0.      148.        0.        0.
      0.        0.        0.     3716.        0.        0.        0.        7.
   8591.     1437.        0.        0.        6.        4.      113.     1450.
   2964.        0.        0.        0.        0.        0.      709.        0.
      0.        0.     2357.        0.        0.        0.      740.   ]
 [   79.       26.       82.        2.        0.     1132.        0.        3.
    735.       16.        0.        0.        0.        0.        0.        0.
      0.        0.        0.        0.        1.        0.        0.        0.
      0.     1570.        0.        0.     1015.        0.        0.     1464.
    875.        0.        0.        0.      277.        0.        1.      472.
      0.        0.        0.        0.        0.        0.        0.        5.
   5234.     7060.        0.        0.        3.       47.     1774.      848.
   1488.        0.        0.        0.        1.        0.        0.      705.
      0.        0.       11.        0.        0.        5.     1379.   ]]
The size of cluster 0 is 66964
The size of cluster 1 is 6
The size of cluster 2 is 35
The size of cluster 3 is 1
The size of cluster 4 is 2
The size of cluster 5 is 521
The size of cluster 6 is 1
The size of cluster 7 is 1
The inertia is 385757692.249






The cluster centers for K=9
[[    0.078     1.66      1.321     0.227     0.014     0.404     0.151
      0.342     0.317     0.872     0.009     0.        0.        0.01
      0.073     0.        0.071     0.        0.        0.        0.28
      0.436     0.003     0.166     0.008     1.014     0.        0.012
      0.84      0.        0.411     0.374     0.396     0.012     0.058
      0.058     0.381     0.029     0.067     0.455     0.       -0.
      0.015     0.011     0.        0.002    -0.        0.052     2.636
      1.852     0.019     0.        0.138     0.78      2.645     0.111
      1.12      0.        0.001     0.005     0.006     0.        0.004
      0.007     0.151     0.        0.574     0.009     0.058     0.07
      1.013]
 [  711.      807.        6.        2.        0.     1074.        0.        2.
    742.        2.        0.        0.        0.        0.        0.        0.
      0.        0.        0.        0.        2.        0.        0.        0.
      0.     7164.        1.        0.      809.        0.        2.        2.
   2503.        0.        0.        0.        0.      148.        0.        0.
      0.        0.        0.     3716.        0.        0.        0.        7.
   8591.     1437.        0.        0.        6.        4.      113.     1450.
   2964.        0.        0.        0.        0.        0.      709.        0.
      0.        0.     2357.        0.        0.        0.      740.   ]
 [  281.833  2188.167   437.333     6.167     9.167   781.667     0.
      4.167   621.667    71.667     0.167    -0.        0.        0.        0.
      0.        0.        0.        0.        0.        3.167     0.333
      0.       83.       -0.     3254.5       0.        0.667  1163.5
      0.       14.833   155.5    1400.167     3.333    -0.        0.
     41.833     6.5     148.      286.        0.        0.        1.333
     29.167     0.        0.        0.        2.833  4127.167   396.833
      0.833     0.        6.       32.667   122.833   518.167  1003.667
      0.        0.       79.333   192.5       0.        6.5     273.167
     -0.        0.      142.5       0.        0.        0.167   287.833]
 [    4.305    50.271    87.186    16.559     0.661    34.847     0.644
      9.085    12.169    60.542     0.237     0.        0.051     0.237
      0.085     0.        0.119    -0.        0.017    -0.        6.22
      1.949     0.        1.119     0.136    55.424    -0.        2.22
    151.102    -0.       12.542    12.695    36.729     0.119     9.169
      7.983    24.39      1.237     3.       24.186    -0.        0.
      2.678     1.898     0.        0.356     0.        6.237   180.949
    270.525     4.881     0.       32.949   165.797   985.864    12.915
     92.746     0.        0.102     0.034     0.39     -0.        0.525
      0.559     0.729     0.       44.051     0.237     0.678     2.237
     71.763]
 [   57.      888.      434.      170.        6.      258.       29.5
    214.      194.5     295.5       5.        0.5       0.        5.
     44.5       0.       51.5       0.        0.        0.      200.5
    250.5       1.5      34.        3.5     651.5       0.        8.5
    706.5       0.      246.5     272.      276.        5.       23.5
     41.5     201.       13.5      36.5     237.        0.        0.       19.
      2.        0.        0.5       0.       27.5    1817.     1076.5
     51.5       0.      160.      479.     6097.5      73.      943.5
      0.        0.        3.5       6.5       0.        1.        6.5
     30.5       0.       74.5       1.       36.5      18.5     409.5  ]
 [    0.     1960.        0.        0.        0.        0.        0.        0.
      0.     6327.        0.        0.        0.        0.        0.        0.
      0.        0.        0.        0.        0.        0.        0.        0.
      0.      472.        0.        0.      502.        0.        0.        0.
      0.        0.        0.        0.      121.        0.        0.      123.
      0.        0.        0.        0.        0.        0.        0.        0.
      3.        3.        0.        0.        0.        0.        0.        0.
      1.        0.        0.        0.        0.        0.        0.        0.
      0.        0.        6.        1.        0.        0.     6968.   ]
 [    1.811    29.714    38.559     6.445     0.476    11.871     1.18
      3.951     5.509    26.451     0.109     0.008     0.009     0.135
      0.054     0.003     0.07      0.005     0.011     0.        3.113
      2.432     0.103     1.769     0.061    22.604     0.001     1.013
     36.427     0.001     5.109     5.279    14.305     0.248     3.386
      3.436     9.918     0.769     1.998    13.941     0.        0.002
      0.828     0.446     0.        0.095     0.001     2.155    85.096
    114.059     0.643    -0.        8.689    41.414   162.779     7.458
     48.1      -0.        0.022     0.185     0.324     0.        0.132
      0.449     1.195     0.005    11.256     0.12      0.571     0.986
     30.465]
 [   79.       26.       82.        2.        0.     1132.        0.        3.
    735.       16.        0.        0.        0.        0.        0.        0.
      0.        0.        0.        0.        1.        0.        0.        0.
      0.     1570.        0.        0.     1015.        0.        0.     1464.
    875.        0.        0.        0.      277.        0.        1.      472.
      0.        0.        0.        0.        0.        0.        0.        5.
   5234.     7060.        0.        0.        3.       47.     1774.      848.
   1488.        0.        0.        0.        1.        0.        0.      705.
      0.        0.       11.        0.        0.        5.     1379.   ]
 [    0.882    29.059  1110.588     6.176     0.941     8.324    54.059
      5.971     7.912   163.588     0.088     0.        0.        0.912
      0.059     0.        0.088     0.        0.       -0.        1.5
     58.382     0.265    59.471     0.029    37.676    -0.        1.971
     79.       -0.        6.265     7.382     9.265     0.029     0.294
      3.059     9.676     3.324     0.912     8.971    -0.        0.
      0.324     0.176     0.029     0.265     0.        1.353    80.5
     96.206     1.118     0.        5.735    45.      101.5      10.265
     26.441     0.        0.        0.176     0.324    -0.        0.059
      0.059    54.676    -0.      289.412     1.5       4.529     5.794
    159.676]]
The size of cluster 0 is 66395
The size of cluster 1 is 1
The size of cluster 2 is 6
The size of cluster 3 is 59
The size of cluster 4 is 2
The size of cluster 5 is 1
The size of cluster 6 is 1032
The size of cluster 7 is 1
The size of cluster 8 is 34
The inertia is 349224713.348






The cluster centers for K=10
[[    0.09      1.823     1.586     0.265     0.016     0.471     0.161
      0.367     0.346     1.007     0.01      0.001     0.001     0.011
      0.073     0.        0.071     0.        0.        0.        0.299
      0.453     0.004     0.182     0.008     1.13      0.        0.017
      1.005     0.        0.441     0.405     0.475     0.013     0.078
      0.072     0.425     0.033     0.077     0.521     0.       -0.
      0.02      0.015     0.        0.003     0.        0.065     3.059
      2.371     0.024     0.        0.179     1.01      3.45      0.14
      1.377     0.        0.001     0.006     0.008     0.        0.005
      0.009     0.162     0.        0.637     0.01      0.062     0.078
      1.173]
 [  226.       25.333   804.333    11.667    18.333   502.333     0.
      4.667   419.667   128.667     0.333     0.        0.        0.        0.
     -0.        0.        0.       -0.        0.        6.        0.667
      0.      166.        0.     2782.667     0.        1.333  1022.333
      0.        7.333   306.     1000.333     6.667     0.       -0.
     41.333    13.      295.667   533.333     0.       -0.        2.667
     58.333     0.        0.       -0.        5.667  3892.333   768.
      1.333    -0.       12.       65.333   244.667   633.667  1255.667
     -0.       -0.        4.        4.667     0.       13.      209.333
      0.        0.      285.        0.        0.        0.333   563.667]
 [    0.     1960.        0.        0.        0.        0.        0.        0.
      0.     6327.        0.        0.        0.        0.        0.        0.
      0.        0.        0.        0.        0.        0.        0.        0.
      0.      472.        0.        0.      502.        0.        0.        0.
      0.        0.        0.        0.      121.        0.        0.      123.
      0.        0.        0.        0.        0.        0.        0.        0.
      3.        3.        0.        0.        0.        0.        0.        0.
      1.        0.        0.        0.        0.        0.        0.        0.
      0.        0.        6.        1.        0.        0.     6968.   ]
 [    2.262    31.678    48.327     8.443     0.644    17.125     0.861
      4.972     7.607    38.641     0.109     0.007     0.011     0.137
      0.052     0.002     0.06      0.002     0.016    -0.        3.849
      2.178     0.144     1.247     0.071    30.69      0.002     1.55
     56.927    -0.        6.774     6.973    20.39      0.324     4.779
      5.356    14.872     1.112     2.786    19.87     -0.        0.004
      1.251     0.532    -0.        0.133     0.        3.101   122.472
    174.299     1.093     0.       14.272    65.139   301.174    11.438
     66.206     0.        0.039     0.19      0.45     -0.        0.169
      0.593     0.863     0.005    10.438     0.089     0.541     0.891
     42.612]
 [  711.      807.        6.        2.        0.     1074.        0.        2.
    742.        2.        0.        0.        0.        0.        0.        0.
      0.        0.        0.        0.        2.        0.        0.        0.
      0.     7164.        1.        0.      809.        0.        2.        2.
   2503.        0.        0.        0.        0.      148.        0.        0.
      0.        0.        0.     3716.        0.        0.        0.        7.
   8591.     1437.        0.        0.        6.        4.      113.     1450.
   2964.        0.        0.        0.        0.        0.      709.        0.
      0.        0.     2357.        0.        0.        0.      740.   ]
 [   57.      888.      434.      170.        6.      258.       29.5
    214.      194.5     295.5       5.        0.5       0.        5.
     44.5       0.       51.5       0.        0.        0.      200.5
    250.5       1.5      34.        3.5     651.5       0.        8.5
    706.5       0.      246.5     272.      276.        5.       23.5
     41.5     201.       13.5      36.5     237.        0.        0.       19.
      2.        0.        0.5       0.       27.5    1817.     1076.5
     51.5       0.      160.      479.     6097.5      73.      943.5
      0.        0.        3.5       6.5       0.        1.        6.5
     30.5       0.       74.5       1.       36.5      18.5     409.5  ]
 [   79.       26.       82.        2.        0.     1132.        0.        3.
    735.       16.        0.        0.        0.        0.        0.        0.
      0.        0.        0.        0.        1.        0.        0.        0.
      0.     1570.        0.        0.     1015.        0.        0.     1464.
    875.        0.        0.        0.      277.        0.        1.      472.
      0.        0.        0.        0.        0.        0.        0.        5.
   5234.     7060.        0.        0.        3.       47.     1774.      848.
   1488.        0.        0.        0.        1.        0.        0.      705.
      0.        0.       11.        0.        0.        5.     1379.   ]
 [  506.5    4274.        0.5       1.        0.     1126.        0.
      0.5    1055.5       0.        0.        0.        0.        0.        0.
      0.        0.        0.        0.        0.        0.5       0.        0.
      0.        0.     4197.5       0.        0.     1662.        0.        1.
      0.     2235.5       0.        0.        0.       63.5       0.        0.
     57.5       0.        0.        0.        0.        0.        0.        0.
      0.     6164.5       0.5       0.        0.        0.        0.        1.
    573.5    1075.        0.        0.        0.      570.5       0.        0.
    505.5       0.        0.        0.        0.        0.        0.        0.   ]
 [    1.     4245.5     105.5       0.5       0.      466.5       0.        5.
    181.       22.        0.        0.        0.        0.        0.        0.
      0.        0.        0.        0.        0.        0.        0.        0.
      0.     1865.5       0.        0.      775.        0.       33.
      8.5     465.5       0.        0.        0.       71.5       0.
      0.5      12.        0.        0.        0.        0.        0.        0.
      0.        0.      383.       38.        0.5       0.        0.
      0.5       0.5      30.5      52.5       0.        0.      232.        0.
      0.        0.        0.        0.        0.        0.        0.        0.
      0.       18.   ]
 [    1.176    31.294  1090.235    11.676     1.559     9.441    54.059
      6.206     8.471   152.765     0.088     0.        0.        1.
      0.029     0.        0.088     0.        0.       -0.        1.706
     58.735     0.265    59.471     0.029    40.971    -0.        2.588
    140.059    -0.        6.676     7.088     9.353     0.029     0.294
      3.088    10.059     3.176     0.824     8.971    -0.        0.
      0.353     0.176     0.029     0.265     0.        1.235    79.588
     97.441     1.118     0.        6.618    47.676   148.941    10.441
     28.118     0.        0.        0.206     0.353    -0.        0.059
      0.088    54.676    -0.      400.971     1.735     4.824     8.029
    175.118]]
The size of cluster 0 is 66923
The size of cluster 1 is 3
The size of cluster 2 is 1
The size of cluster 3 is 562
The size of cluster 4 is 1
The size of cluster 5 is 2
The size of cluster 6 is 1
The size of cluster 7 is 2
The size of cluster 8 is 2
The size of cluster 9 is 34
The inertia is 311624145.305






The cluster centers for K=11
[[    0.077     1.648     1.286     0.223     0.014     0.4       0.151
      0.34      0.315     0.85      0.009     0.        0.        0.01
      0.073     0.        0.071     0.        0.        0.        0.278
      0.435     0.003     0.166     0.008     1.007     0.        0.012
      0.825     0.        0.409     0.371     0.39      0.012     0.057
      0.057     0.378     0.029     0.066     0.451     0.       -0.
      0.015     0.011     0.        0.002    -0.        0.051     2.605
      1.819     0.019     0.        0.134     0.756     2.569     0.107
      1.1       0.        0.001     0.005     0.006     0.        0.004
      0.006     0.151     0.        0.569     0.009     0.058     0.07
      0.989]
 [  711.      807.        6.        2.        0.     1074.        0.        2.
    742.        2.        0.        0.        0.        0.        0.        0.
      0.        0.        0.        0.        2.        0.        0.        0.
      0.     7164.        1.        0.      809.        0.        2.        2.
   2503.        0.        0.        0.        0.      148.        0.        0.
      0.        0.        0.     3716.        0.        0.        0.        7.
   8591.     1437.        0.        0.        6.        4.      113.     1450.
   2964.        0.        0.        0.        0.        0.      709.        0.
      0.        0.     2357.        0.        0.        0.      740.   ]
 [  506.5    4274.        0.5       1.        0.     1126.        0.
      0.5    1055.5       0.        0.        0.        0.        0.        0.
      0.        0.        0.        0.        0.        0.5       0.        0.
      0.        0.     4197.5       0.        0.     1662.        0.        1.
      0.     2235.5       0.        0.        0.       63.5       0.        0.
     57.5       0.        0.        0.        0.        0.        0.        0.
      0.     6164.5       0.5       0.        0.        0.        0.        1.
    573.5    1075.        0.        0.        0.      570.5       0.        0.
    505.5       0.        0.        0.        0.        0.        0.        0.   ]
 [   57.      888.      434.      170.        6.      258.       29.5
    214.      194.5     295.5       5.        0.5       0.        5.
     44.5       0.       51.5       0.        0.        0.      200.5
    250.5       1.5      34.        3.5     651.5       0.        8.5
    706.5       0.      246.5     272.      276.        5.       23.5
     41.5     201.       13.5      36.5     237.        0.        0.       19.
      2.        0.        0.5       0.       27.5    1817.     1076.5
     51.5       0.      160.      479.     6097.5      73.      943.5
      0.        0.        3.5       6.5       0.        1.        6.5
     30.5       0.       74.5       1.       36.5      18.5     409.5  ]
 [    1.801    25.257    39.717     6.263     0.45     11.501     1.136
      3.879     5.346    26.738     0.105     0.007     0.008     0.129
      0.055     0.003     0.071     0.005     0.01      0.        3.075
      2.336     0.105     1.695     0.059    20.935     0.001     0.965
     34.484     0.001     4.971     5.177    13.875     0.239     3.221
      3.294     9.455     0.741     1.945    13.412     0.        0.002
      0.79      0.364     0.001     0.092     0.001     2.127    82.455
    109.829     0.621    -0.        8.401    40.564   157.842     7.263
     46.531    -0.        0.022     0.182     0.32      0.        0.109
      0.428     1.148     0.005    10.982     0.119     0.558     0.96
     30.63 ]
 [  226.       25.333   804.333    11.667    18.333   502.333     0.
      4.667   419.667   128.667     0.333     0.        0.        0.        0.
     -0.        0.        0.       -0.        0.        6.        0.667
      0.      166.        0.     2782.667     0.        1.333  1022.333
      0.        7.333   306.     1000.333     6.667     0.       -0.
     41.333    13.      295.667   533.333     0.       -0.        2.667
     58.333     0.        0.       -0.        5.667  3892.333   768.
      1.333    -0.       12.       65.333   244.667   633.667  1255.667
     -0.       -0.        4.        4.667     0.       13.      209.333
      0.        0.      285.        0.        0.        0.333   563.667]
 [    0.938    30.187  1142.844     6.344     1.        8.563    57.438
      6.187     8.25    161.312     0.094     0.        0.        0.969
      0.031     0.        0.094     0.        0.       -0.        1.312
     62.031     0.281    63.188     0.031    38.531    -0.        2.062
     82.625    -0.        6.469     6.938     9.344     0.031     0.312
      3.25     10.219     3.375     0.875     9.25     -0.        0.
      0.344     0.188     0.031     0.281     0.        1.281    77.813
    100.719     1.188     0.        5.969    47.469   106.75     10.75
     26.875     0.        0.        0.187     0.344    -0.        0.062
      0.063    58.094    -0.      307.469     1.594     4.813     6.156
    159.219]
 [    0.     1960.        0.        0.        0.        0.        0.        0.
      0.     6327.        0.        0.        0.        0.        0.        0.
      0.        0.        0.        0.        0.        0.        0.        0.
      0.      472.        0.        0.      502.        0.        0.        0.
      0.        0.        0.        0.      121.        0.        0.      123.
      0.        0.        0.        0.        0.        0.        0.        0.
      3.        3.        0.        0.        0.        0.        0.        0.
      1.        0.        0.        0.        0.        0.        0.        0.
      0.        0.        6.        1.        0.        0.     6968.   ]
 [    1.     4245.5     105.5       0.5       0.      466.5       0.        5.
    181.       22.        0.        0.        0.        0.        0.        0.
      0.        0.        0.        0.        0.        0.        0.        0.
      0.     1865.5       0.        0.      775.        0.       33.
      8.5     465.5       0.        0.        0.       71.5       0.
      0.5      12.        0.        0.        0.        0.        0.        0.
      0.        0.      383.       38.        0.5       0.        0.
      0.5       0.5      30.5      52.5       0.        0.      232.        0.
      0.        0.        0.        0.        0.        0.        0.        0.
      0.       18.   ]
 [    4.246    50.033    84.82     16.869     0.639    34.361     0.623
      9.016    12.344    58.934     0.23      0.        0.049     0.23
      0.082     0.        0.115    -0.        0.016    -0.        6.164
      1.885     0.        1.082     0.131    55.967    -0.        2.148
    148.131    -0.       12.836    12.951    36.443     0.115     9.393
      7.803    23.738     1.197     3.18     24.049    -0.        0.
      2.689     3.131     0.        0.344     0.        6.213   180.951
    267.574     4.721     0.       32.689   163.      972.328    12.803
     94.902     0.        0.098     0.033     0.377     0.        0.836
      0.541     0.705     0.       42.607     0.23      0.656     2.164
     70.033]
 [   79.       26.       82.        2.        0.     1132.        0.        3.
    735.       16.        0.        0.        0.        0.        0.        0.
      0.        0.        0.        0.        1.        0.        0.        0.
      0.     1570.        0.        0.     1015.        0.        0.     1464.
    875.        0.        0.        0.      277.        0.        1.      472.
      0.        0.        0.        0.        0.        0.        0.        5.
   5234.     7060.        0.        0.        3.       47.     1774.      848.
   1488.        0.        0.        0.        1.        0.        0.      705.
      0.        0.       11.        0.        0.        5.     1379.   ]]
The size of cluster 0 is 66336
The size of cluster 1 is 1
The size of cluster 2 is 2
The size of cluster 3 is 2
The size of cluster 4 is 1090
The size of cluster 5 is 3
The size of cluster 6 is 32
The size of cluster 7 is 1
The size of cluster 8 is 2
The size of cluster 9 is 61
The size of cluster 10 is 1
The inertia is 275036958.471






The cluster centers for K=12
[[    0.072     1.586     1.17      0.209     0.013     0.373     0.151
      0.33      0.304     0.802     0.009     0.        0.        0.009
      0.073     0.        0.071     0.        0.        0.        0.27
      0.434     0.003     0.16      0.008     0.967     0.        0.011
      0.781     0.        0.396     0.359     0.36      0.011     0.055
      0.056     0.367     0.028     0.063     0.442     0.       -0.
      0.014     0.011     0.        0.002    -0.        0.044     2.484
      1.753     0.017     0.        0.112     0.634     2.15      0.097
      1.031     0.        0.001     0.005     0.005     0.        0.003
      0.006     0.152     0.        0.517     0.009     0.056     0.067
      0.934]
 [  506.5    4274.        0.5       1.        0.     1126.        0.
      0.5    1055.5       0.        0.        0.        0.        0.        0.
      0.        0.        0.        0.        0.        0.5       0.        0.
      0.        0.     4197.5       0.        0.     1662.        0.        1.
      0.     2235.5       0.        0.        0.       63.5       0.        0.
     57.5       0.        0.        0.        0.        0.        0.        0.
      0.     6164.5       0.5       0.        0.        0.        0.        1.
    573.5    1075.        0.        0.        0.      570.5       0.        0.
    505.5       0.        0.        0.        0.        0.        0.        0.   ]
 [    3.296    50.148    93.611    14.759     0.722    34.426     0.704
      8.611    11.407    64.778     0.259     0.        0.056     0.259
      0.093     0.        0.13     -0.        0.019    -0.        5.704
      1.963     0.        1.222     0.13     53.111    -0.        2.204
    151.556    -0.       12.185    11.759    35.278     0.13      5.167
      8.463    21.222     1.352     2.426    20.519    -0.        0.
      2.111     1.167     0.        0.296     0.        6.463   150.593
    194.352     4.889     0.       34.037   172.926  1030.87      9.611
     75.944     0.        0.111     0.019     0.148    -0.        0.296
      0.185     0.796     0.       47.889     0.259     0.704     2.241
     76.111]
 [  226.       25.333   804.333    11.667    18.333   502.333     0.
      4.667   419.667   128.667     0.333     0.        0.        0.        0.
     -0.        0.        0.       -0.        0.        6.        0.667
      0.      166.        0.     2782.667     0.        1.333  1022.333
      0.        7.333   306.     1000.333     6.667     0.       -0.
     41.333    13.      295.667   533.333     0.       -0.        2.667
     58.333     0.        0.       -0.        5.667  3892.333   768.
      1.333    -0.       12.       65.333   244.667   633.667  1255.667
     -0.       -0.        4.        4.667     0.       13.      209.333
      0.        0.      285.        0.        0.        0.333   563.667]
 [   79.       26.       82.        2.        0.     1132.        0.        3.
    735.       16.        0.        0.        0.        0.        0.        0.
      0.        0.        0.        0.        1.        0.        0.        0.
      0.     1570.        0.        0.     1015.        0.        0.     1464.
    875.        0.        0.        0.      277.        0.        1.      472.
      0.        0.        0.        0.        0.        0.        0.        5.
   5234.     7060.        0.        0.        3.       47.     1774.      848.
   1488.        0.        0.        0.        1.        0.        0.      705.
      0.        0.       11.        0.        0.        5.     1379.   ]
 [    2.667    24.675    29.525     8.408     0.258    18.858     0.192
      4.092     9.117    45.775     0.05     -0.        0.008     0.183
      0.033    -0.        0.05      0.        0.008     0.        3.058
      0.775     0.        0.167     0.017    37.333     0.        0.508
    104.95      0.        5.658     6.292    24.142     1.258    11.758
     15.908    33.125     2.317     7.625    56.817     0.       -0.
      1.608     0.7      -0.        0.058    -0.        0.808   253.867
    489.783     0.617    -0.        7.208    26.392   126.717    20.167
    124.45     -0.        0.025     0.325     0.2       0.        0.242
      1.342     0.158    -0.       18.508     0.108     0.683     1.175
     58.017]
 [  711.      807.        6.        2.        0.     1074.        0.        2.
    742.        2.        0.        0.        0.        0.        0.        0.
      0.        0.        0.        0.        2.        0.        0.        0.
      0.     7164.        1.        0.      809.        0.        2.        2.
   2503.        0.        0.        0.        0.      148.        0.        0.
      0.        0.        0.     3716.        0.        0.        0.        7.
   8591.     1437.        0.        0.        6.        4.      113.     1450.
   2964.        0.        0.        0.        0.        0.      709.        0.
      0.        0.     2357.        0.        0.        0.      740.   ]
 [    0.     1960.        0.        0.        0.        0.        0.        0.
      0.     6327.        0.        0.        0.        0.        0.        0.
      0.        0.        0.        0.        0.        0.        0.        0.
      0.      472.        0.        0.      502.        0.        0.        0.
      0.        0.        0.        0.      121.        0.        0.      123.
      0.        0.        0.        0.        0.        0.        0.        0.
      3.        3.        0.        0.        0.        0.        0.        0.
      1.        0.        0.        0.        0.        0.        0.        0.
      0.        0.        6.        1.        0.        0.     6968.   ]
 [    1.     4245.5     105.5       0.5       0.      466.5       0.        5.
    181.       22.        0.        0.        0.        0.        0.        0.
      0.        0.        0.        0.        0.        0.        0.        0.
      0.     1865.5       0.        0.      775.        0.       33.
      8.5     465.5       0.        0.        0.       71.5       0.
      0.5      12.        0.        0.        0.        0.        0.        0.
      0.        0.      383.       38.        0.5       0.        0.
      0.5       0.5      30.5      52.5       0.        0.      232.        0.
      0.        0.        0.        0.        0.        0.        0.        0.
      0.       18.   ]
 [    1.6      23.034    37.412     5.521     0.4       9.717     0.968
      3.576     4.45     21.215     0.094     0.009     0.006     0.12
      0.057     0.002     0.062     0.004     0.008     0.        2.876
      2.116     0.091     1.735     0.062    17.062     0.001     0.85
     22.651     0.001     4.555     4.625    11.466     0.108     1.987
      1.4       5.816     0.468     1.164     6.941     0.        0.002
      0.626     0.379     0.001     0.091     0.001     2.111    55.537
     55.967     0.56     -0.        7.758    39.01    147.488     5.05
     33.06     -0.        0.019     0.144     0.304     0.        0.111
      0.307     0.981     0.004    10.415     0.106     0.516     0.905
     23.856]
 [   57.      888.      434.      170.        6.      258.       29.5
    214.      194.5     295.5       5.        0.5       0.        5.
     44.5       0.       51.5       0.        0.        0.      200.5
    250.5       1.5      34.        3.5     651.5       0.        8.5
    706.5       0.      246.5     272.      276.        5.       23.5
     41.5     201.       13.5      36.5     237.        0.        0.       19.
      2.        0.        0.5       0.       27.5    1817.     1076.5
     51.5       0.      160.      479.     6097.5      73.      943.5
      0.        0.        3.5       6.5       0.        1.        6.5
     30.5       0.       74.5       1.       36.5      18.5     409.5  ]
 [    0.938    30.187  1142.844     6.344     1.        8.563    57.438
      6.187     8.25    161.312     0.094     0.        0.        0.969
      0.031     0.        0.094     0.        0.       -0.        1.312
     62.031     0.281    63.188     0.031    38.531    -0.        2.062
     82.625    -0.        6.469     6.938     9.344     0.031     0.312
      3.25     10.219     3.375     0.875     9.25     -0.        0.
      0.344     0.188     0.031     0.281     0.        1.281    77.813
    100.719     1.188     0.        5.969    47.469   106.75     10.75
     26.875     0.        0.        0.187     0.344    -0.        0.062
      0.063    58.094    -0.      307.469     1.594     4.813     6.156
    159.219]]
The size of cluster 0 is 66032
The size of cluster 1 is 2
The size of cluster 2 is 54
The size of cluster 3 is 3
The size of cluster 4 is 1
The size of cluster 5 is 120
The size of cluster 6 is 1
The size of cluster 7 is 1
The size of cluster 8 is 2
The size of cluster 9 is 1281
The size of cluster 10 is 2
The size of cluster 11 is 32
The inertia is 249744931.857






The cluster centers for K=13
[[    0.072     1.586     1.17      0.209     0.013     0.373     0.151
      0.33      0.304     0.802     0.009     0.        0.        0.009
      0.073     0.        0.071     0.        0.        0.        0.27
      0.434     0.003     0.16      0.008     0.967     0.        0.011
      0.781     0.        0.396     0.359     0.36      0.011     0.055
      0.056     0.367     0.028     0.063     0.442     0.       -0.
      0.014     0.011     0.        0.002    -0.        0.044     2.484
      1.753     0.017     0.        0.112     0.634     2.15      0.097
      1.031     0.        0.001     0.005     0.005     0.        0.003
      0.006     0.152     0.        0.517     0.009     0.056     0.067
      0.934]
 [  112.     1710.      545.      329.       12.      509.       59.      416.
    381.      457.       10.        1.        0.        9.       89.        0.
    103.        0.        0.        0.      401.      500.        3.       68.
      7.     1225.        0.       12.      536.        0.      478.      534.
    547.       10.       47.       83.      395.       27.       72.      468.
      0.        0.       38.        4.        0.        1.        0.       55.
   3545.     1949.      103.        0.      306.      852.     4638.      136.
   1851.        0.        0.        7.       13.        0.        2.       13.
     61.        0.      128.        2.       73.       35.      660.   ]
 [  711.      807.        6.        2.        0.     1074.        0.        2.
    742.        2.        0.        0.        0.        0.        0.        0.
      0.        0.        0.        0.        2.        0.        0.        0.
      0.     7164.        1.        0.      809.        0.        2.        2.
   2503.        0.        0.        0.        0.      148.        0.        0.
      0.        0.        0.     3716.        0.        0.        0.        7.
   8591.     1437.        0.        0.        6.        4.      113.     1450.
   2964.        0.        0.        0.        0.        0.      709.        0.
      0.        0.     2357.        0.        0.        0.      740.   ]
 [    1.6      23.034    37.412     5.521     0.4       9.717     0.968
      3.576     4.45     21.215     0.094     0.009     0.006     0.12
      0.057     0.002     0.062     0.004     0.008     0.        2.876
      2.116     0.091     1.735     0.062    17.062     0.001     0.85
     22.651     0.001     4.555     4.625    11.466     0.108     1.987
      1.4       5.816     0.468     1.164     6.941     0.        0.002
      0.626     0.379     0.001     0.091     0.001     2.111    55.537
     55.967     0.56     -0.        7.758    39.01    147.488     5.05
     33.06     -0.        0.019     0.144     0.304     0.        0.111
      0.307     0.981     0.004    10.415     0.106     0.516     0.905
     23.856]
 [  506.5    4274.        0.5       1.        0.     1126.        0.
      0.5    1055.5       0.        0.        0.        0.        0.        0.
      0.        0.        0.        0.        0.        0.5       0.        0.
      0.        0.     4197.5       0.        0.     1662.        0.        1.
      0.     2235.5       0.        0.        0.       63.5       0.        0.
     57.5       0.        0.        0.        0.        0.        0.        0.
      0.     6164.5       0.5       0.        0.        0.        0.        1.
    573.5    1075.        0.        0.        0.      570.5       0.        0.
    505.5       0.        0.        0.        0.        0.        0.        0.   ]
 [    0.     1960.        0.        0.        0.        0.        0.        0.
      0.     6327.        0.        0.        0.        0.        0.        0.
      0.        0.        0.        0.        0.        0.        0.        0.
      0.      472.        0.        0.      502.        0.        0.        0.
      0.        0.        0.        0.      121.        0.        0.      123.
      0.        0.        0.        0.        0.        0.        0.        0.
      3.        3.        0.        0.        0.        0.        0.        0.
      1.        0.        0.        0.        0.        0.        0.        0.
      0.        0.        6.        1.        0.        0.     6968.   ]
 [    1.     4245.5     105.5       0.5       0.      466.5       0.        5.
    181.       22.        0.        0.        0.        0.        0.        0.
      0.        0.        0.        0.        0.        0.        0.        0.
      0.     1865.5       0.        0.      775.        0.       33.
      8.5     465.5       0.        0.        0.       71.5       0.
      0.5      12.        0.        0.        0.        0.        0.        0.
      0.        0.      383.       38.        0.5       0.        0.
      0.5       0.5      30.5      52.5       0.        0.      232.        0.
      0.        0.        0.        0.        0.        0.        0.        0.
      0.       18.   ]
 [  226.       25.333   804.333    11.667    18.333   502.333     0.
      4.667   419.667   128.667     0.333     0.        0.        0.        0.
     -0.        0.        0.       -0.        0.        6.        0.667
      0.      166.        0.     2782.667     0.        1.333  1022.333
      0.        7.333   306.     1000.333     6.667     0.       -0.
     41.333    13.      295.667   533.333     0.       -0.        2.667
     58.333     0.        0.       -0.        5.667  3892.333   768.
      1.333    -0.       12.       65.333   244.667   633.667  1255.667
     -0.       -0.        4.        4.667     0.       13.      209.333
      0.        0.      285.        0.        0.        0.333   563.667]
 [   79.       26.       82.        2.        0.     1132.        0.        3.
    735.       16.        0.        0.        0.        0.        0.        0.
      0.        0.        0.        0.        1.        0.        0.        0.
      0.     1570.        0.        0.     1015.        0.        0.     1464.
    875.        0.        0.        0.      277.        0.        1.      472.
      0.        0.        0.        0.        0.        0.        0.        5.
   5234.     7060.        0.        0.        3.       47.     1774.      848.
   1488.        0.        0.        0.        1.        0.        0.      705.
      0.        0.       11.        0.        0.        5.     1379.   ]
 [    3.296    50.148    93.611    14.759     0.722    34.426     0.704
      8.611    11.407    64.778     0.259     0.        0.056     0.259
      0.093     0.        0.13     -0.        0.019    -0.        5.704
      1.963     0.        1.222     0.13     53.111    -0.        2.204
    151.556    -0.       12.185    11.759    35.278     0.13      5.167
      8.463    21.222     1.352     2.426    20.519    -0.        0.
      2.111     1.167     0.        0.296     0.        6.463   150.593
    194.352     4.889     0.       34.037   172.926  1030.87      9.611
     75.944     0.        0.111     0.019     0.148    -0.        0.296
      0.185     0.796     0.       47.889     0.259     0.704     2.241
     76.111]
 [    2.       66.      323.       11.        0.        7.        0.       12.
      8.      134.        0.        0.        0.        1.        0.        0.
      0.        0.        0.        0.        0.        1.        0.        0.
      0.       78.        0.        5.      877.        0.       15.       10.
      5.        0.        0.        0.        7.        0.        1.        6.
      0.        0.        0.        0.        0.        0.        0.        0.
     89.      204.        0.        0.       14.      106.     7557.       10.
     36.        0.        0.        0.        0.        0.        0.        0.
      0.        0.       21.        0.        0.        2.      159.   ]
 [    2.667    24.675    29.525     8.408     0.258    18.858     0.192
      4.092     9.117    45.775     0.05     -0.        0.008     0.183
      0.033    -0.        0.05      0.        0.008     0.        3.058
      0.775     0.        0.167     0.017    37.333     0.        0.508
    104.95      0.        5.658     6.292    24.142     1.258    11.758
     15.908    33.125     2.317     7.625    56.817     0.       -0.
      1.608     0.7      -0.        0.058    -0.        0.808   253.867
    489.783     0.617    -0.        7.208    26.392   126.717    20.167
    124.45     -0.        0.025     0.325     0.2       0.        0.242
      1.342     0.158    -0.       18.508     0.108     0.683     1.175
     58.017]
 [    0.938    30.187  1142.844     6.344     1.        8.563    57.438
      6.187     8.25    161.312     0.094     0.        0.        0.969
      0.031     0.        0.094     0.        0.       -0.        1.312
     62.031     0.281    63.188     0.031    38.531    -0.        2.062
     82.625    -0.        6.469     6.938     9.344     0.031     0.312
      3.25     10.219     3.375     0.875     9.25     -0.        0.
      0.344     0.188     0.031     0.281     0.        1.281    77.813
    100.719     1.188     0.        5.969    47.469   106.75     10.75
     26.875     0.        0.        0.187     0.344    -0.        0.062
      0.063    58.094    -0.      307.469     1.594     4.813     6.156
    159.219]]
The size of cluster 0 is 66032
The size of cluster 1 is 1
The size of cluster 2 is 1
The size of cluster 3 is 1281
The size of cluster 4 is 2
The size of cluster 5 is 1
The size of cluster 6 is 2
The size of cluster 7 is 3
The size of cluster 8 is 1
The size of cluster 9 is 54
The size of cluster 10 is 1
The size of cluster 11 is 120
The size of cluster 12 is 32
The inertia is 232593025.857






The cluster centers for K=14
[[    0.072     1.577     1.152     0.207     0.012     0.37      0.146
      0.329     0.302     0.787     0.009     0.        0.        0.009
      0.073     0.        0.071     0.        0.        0.        0.269
      0.429     0.003     0.155     0.008     0.961     0.        0.011
      0.763     0.        0.394     0.357     0.356     0.011     0.054
      0.054     0.364     0.028     0.062     0.438     0.       -0.
      0.014     0.011     0.        0.002    -0.        0.044     2.453
      1.72      0.017     0.        0.11      0.626     2.115     0.095
      1.016     0.        0.001     0.005     0.005     0.        0.003
      0.005     0.147     0.        0.513     0.009     0.056     0.066
      0.919]
 [  226.       25.333   804.333    11.667    18.333   502.333     0.
      4.667   419.667   128.667     0.333     0.        0.        0.        0.
     -0.        0.        0.       -0.        0.        6.        0.667
      0.      166.        0.     2782.667     0.        1.333  1022.333
      0.        7.333   306.     1000.333     6.667     0.       -0.
     41.333    13.      295.667   533.333     0.       -0.        2.667
     58.333     0.        0.       -0.        5.667  3892.333   768.
      1.333    -0.       12.       65.333   244.667   633.667  1255.667
     -0.       -0.        4.        4.667     0.       13.      209.333
      0.        0.      285.        0.        0.        0.333   563.667]
 [    2.729    24.966    29.966     8.712     0.263    19.051     0.186
      4.212     9.212    44.542     0.051    -0.        0.008     0.169
      0.034    -0.        0.051     0.        0.008     0.        3.068
      0.754     0.        0.169     0.017    37.398     0.        0.534
    105.542     0.        5.788     6.458    24.441     1.28     12.483
     16.144    33.415     2.364     7.746    57.941     0.       -0.
      1.695     0.712    -0.        0.059    -0.        0.814   257.059
    499.966     0.695    -0.        7.551    28.068   135.229    20.746
    128.432    -0.        0.042     0.331     0.203     0.        0.246
      1.364     0.161    -0.       17.763     0.059     0.644     1.144
     56.542]
 [  506.5    4274.        0.5       1.        0.     1126.        0.
      0.5    1055.5       0.        0.        0.        0.        0.        0.
      0.        0.        0.        0.        0.        0.5       0.        0.
      0.        0.     4197.5       0.        0.     1662.        0.        1.
      0.     2235.5       0.        0.        0.       63.5       0.        0.
     57.5       0.        0.        0.        0.        0.        0.        0.
      0.     6164.5       0.5       0.        0.        0.        0.        1.
    573.5    1075.        0.        0.        0.      570.5       0.        0.
    505.5       0.        0.        0.        0.        0.        0.        0.   ]
 [  112.     1710.      545.      329.       12.      509.       59.      416.
    381.      457.       10.        1.        0.        9.       89.        0.
    103.        0.        0.        0.      401.      500.        3.       68.
      7.     1225.        0.       12.      536.        0.      478.      534.
    547.       10.       47.       83.      395.       27.       72.      468.
      0.        0.       38.        4.        0.        1.        0.       55.
   3545.     1949.      103.        0.      306.      852.     4638.      136.
   1851.        0.        0.        7.       13.        0.        2.       13.
     61.        0.      128.        2.       73.       35.      660.   ]
 [    1.561    22.647    37.626     5.454     0.364     9.502     1.205
      3.521     4.34     21.598     0.093     0.009     0.006     0.117
      0.061     0.002     0.064     0.004     0.008     0.        2.839
      2.308     0.089     1.952     0.061    16.406     0.001     0.817
     22.967     0.001     4.46      4.508    11.205     0.122     1.945
      1.393     5.747     0.438     1.157     6.885     0.        0.002
      0.601     0.314     0.001     0.087     0.001     2.057    55.08
     55.894     0.552    -0.        7.478    37.742   141.223     4.947
     32.564    -0.        0.018     0.144     0.304     0.        0.101
      0.292     1.21      0.004     6.311     0.095     0.508     0.848
     23.551]
 [    1.     4245.5     105.5       0.5       0.      466.5       0.        5.
    181.       22.        0.        0.        0.        0.        0.        0.
      0.        0.        0.        0.        0.        0.        0.        0.
      0.     1865.5       0.        0.      775.        0.       33.
      8.5     465.5       0.        0.        0.       71.5       0.
      0.5      12.        0.        0.        0.        0.        0.        0.
      0.        0.      383.       38.        0.5       0.        0.
      0.5       0.5      30.5      52.5       0.        0.      232.        0.
      0.        0.        0.        0.        0.        0.        0.        0.
      0.       18.   ]
 [    0.     1960.        0.        0.        0.        0.        0.        0.
      0.     6327.        0.        0.        0.        0.        0.        0.
      0.        0.        0.        0.        0.        0.        0.        0.
      0.      472.        0.        0.      502.        0.        0.        0.
      0.        0.        0.        0.      121.        0.        0.      123.
      0.        0.        0.        0.        0.        0.        0.        0.
      3.        3.        0.        0.        0.        0.        0.        0.
      1.        0.        0.        0.        0.        0.        0.        0.
      0.        0.        6.        1.        0.        0.     6968.   ]
 [  711.      807.        6.        2.        0.     1074.        0.        2.
    742.        2.        0.        0.        0.        0.        0.        0.
      0.        0.        0.        0.        2.        0.        0.        0.
      0.     7164.        1.        0.      809.        0.        2.        2.
   2503.        0.        0.        0.        0.      148.        0.        0.
      0.        0.        0.     3716.        0.        0.        0.        7.
   8591.     1437.        0.        0.        6.        4.      113.     1450.
   2964.        0.        0.        0.        0.        0.      709.        0.
      0.        0.     2357.        0.        0.        0.      740.   ]
 [    2.       66.      323.       11.        0.        7.        0.       12.
      8.      134.        0.        0.        0.        1.        0.        0.
      0.        0.        0.        0.        0.        1.        0.        0.
      0.       78.        0.        5.      877.        0.       15.       10.
      5.        0.        0.        0.        7.        0.        1.        6.
      0.        0.        0.        0.        0.        0.        0.        0.
     89.      204.        0.        0.       14.      106.     7557.       10.
     36.        0.        0.        0.        0.        0.        0.        0.
      0.        0.       21.        0.        0.        2.      159.   ]
 [   79.       26.       82.        2.        0.     1132.        0.        3.
    735.       16.        0.        0.        0.        0.        0.        0.
      0.        0.        0.        0.        1.        0.        0.        0.
      0.     1570.        0.        0.     1015.        0.        0.     1464.
    875.        0.        0.        0.      277.        0.        1.      472.
      0.        0.        0.        0.        0.        0.        0.        5.
   5234.     7060.        0.        0.        3.       47.     1774.      848.
   1488.        0.        0.        0.        1.        0.        0.      705.
      0.        0.       11.        0.        0.        5.     1379.   ]
 [    2.385    32.      459.692    16.846     2.231     9.        0.231
      7.462    12.462   133.        0.       -0.        0.        2.692
      0.077    -0.        0.231     0.       -0.        0.        3.846
      2.846     0.        0.154    -0.       70.385     0.        5.462
    224.154     0.        7.231     9.077     8.385     0.        0.
      6.308    13.385     0.077     0.462    13.385     0.       -0.
      0.308     0.       -0.        0.308    -0.        0.538    63.308
     91.462     0.       -0.        4.385    21.538   164.308     3.846
     18.692    -0.        0.        0.154     0.692     0.       -0.
      1.692     0.308    -0.     1202.077     5.077    11.615    22.385
    216.308]
 [    3.017    48.033    81.667    11.133     1.35     31.667     0.717
      8.017    11.2      61.15      0.233     0.        0.05      0.183
      0.083     0.        0.117    -0.        0.017    -0.        5.233
      1.683     0.        1.217     0.117    54.783    -0.        1.633
    101.783    -0.       11.767    11.617    33.25      0.117     4.15
      7.717    19.75      2.167     2.483    18.767    -0.        0.
      2.183     2.367     0.        0.283     0.        6.3     141.783
    169.983     4.183     0.       32.783   163.333   969.15      9.1
     69.55      0.        0.067     0.017     0.133     0.        0.6
      0.233     0.783     0.       10.083     0.183     0.567     0.767
     69.833]
 [    1.087    28.174  1315.435     6.217     1.304     9.652    79.783
      5.522     6.304   137.957     0.13     -0.        0.        0.217
     -0.        0.        0.        0.        0.        0.        0.609
     85.217     0.391    87.826     0.043    24.609     0.        1.304
     81.391     0.        6.391     6.261    10.609     0.043     0.435
      3.565    10.435     4.696     0.826     9.261     0.        0.
      0.435     0.261     0.043     0.261     0.        1.348    87.174
     97.696     1.652     0.        7.348    59.391   131.739    14.522
     33.13      0.       -0.        0.043     0.087     0.        0.087
      0.087    80.652    -0.       72.478     0.261     1.304     1.652
    128.261]]
The size of cluster 0 is 65985
The size of cluster 1 is 3
The size of cluster 2 is 118
The size of cluster 3 is 2
The size of cluster 4 is 1
The size of cluster 5 is 1320
The size of cluster 6 is 2
The size of cluster 7 is 1
The size of cluster 8 is 1
The size of cluster 9 is 1
The size of cluster 10 is 1
The size of cluster 11 is 13
The size of cluster 12 is 60
The size of cluster 13 is 23
The inertia is 217273877.906






The cluster centers for K=15
[[    0.064     1.483     0.984 ...,     0.053     0.061     0.803]
 [  112.     1710.      545.    ...,    73.       35.      660.   ]
 [  226.       25.333   804.333 ...,     0.        0.333   563.667]
 ..., 
 [    1.15     29.4    1403.25  ...,     1.45      1.9     130.25 ]
 [    1.     4245.5     105.5   ...,     0.        0.       18.   ]
 [    2.       66.      323.    ...,     0.        2.      159.   ]]
The size of cluster 0 is 65527
The size of cluster 1 is 1
The size of cluster 2 is 3
The size of cluster 3 is 1
The size of cluster 4 is 2
The size of cluster 5 is 111
The size of cluster 6 is 154
The size of cluster 7 is 1
The size of cluster 8 is 1
The size of cluster 9 is 1674
The size of cluster 10 is 13
The size of cluster 11 is 20
The size of cluster 12 is 20
The size of cluster 13 is 2
The size of cluster 14 is 1
The inertia is 203906065.529






The cluster centers for K=16
[[    0.059     1.423     0.897 ...,     0.051     0.058     0.753]
 [  506.5    4274.        0.5   ...,     0.        0.        0.   ]
 [    5.       72.      847.    ...,     0.        0.      169.   ]
 ..., 
 [  112.     1710.      545.    ...,    73.       35.      660.   ]
 [    2.784    26.18     30.459 ...,     0.577     1.18     57.315]
 [    1.411    19.456    31.163 ...,     0.536     0.898    19.9  ]]
The size of cluster 0 is 65237
The size of cluster 1 is 2
The size of cluster 2 is 1
The size of cluster 3 is 26
The size of cluster 4 is 1
The size of cluster 5 is 1
The size of cluster 6 is 1
The size of cluster 7 is 1
The size of cluster 8 is 2
The size of cluster 9 is 23
The size of cluster 10 is 233
The size of cluster 11 is 2
The size of cluster 12 is 13
The size of cluster 13 is 1
The size of cluster 14 is 111
The size of cluster 15 is 1876
The inertia is 190576309.789






The cluster centers for K=17
[[    0.058     1.406     0.867 ...,     0.049     0.056     0.728]
 [   79.       26.       82.    ...,     0.        5.     1379.   ]
 [  711.      807.        6.    ...,     0.        0.      740.   ]
 ..., 
 [    2.8      26.345    30.091 ...,     0.582     1.191    57.773]
 [    2.385    32.      459.692 ...,    11.615    22.385   216.308]
 [    1.386    18.674    30.773 ...,     0.541     0.901    19.7  ]]
The size of cluster 0 is 65140
The size of cluster 1 is 1
The size of cluster 2 is 1
The size of cluster 3 is 1
The size of cluster 4 is 282
The size of cluster 5 is 1
The size of cluster 6 is 1
The size of cluster 7 is 2
The size of cluster 8 is 2
The size of cluster 9 is 1
The size of cluster 10 is 28
The size of cluster 11 is 23
The size of cluster 12 is 1
The size of cluster 13 is 1
The size of cluster 14 is 110
The size of cluster 15 is 13
The size of cluster 16 is 1923
The inertia is 177319489.391






The cluster centers for K=18
[[    0.053     1.338     0.778 ...,     0.047     0.052     0.662]
 [ 1013.     4046.        0.    ...,     0.        0.        0.   ]
 [    5.       72.      847.    ...,     0.        0.      169.   ]
 ..., 
 [    1.144    16.33     26.892 ...,     0.505     0.831    16.75 ]
 [    2.385    32.      459.692 ...,    11.615    22.385   216.308]
 [    2.73     27.534    28.781 ...,     0.618     0.86     46.36 ]]
The size of cluster 0 is 64641
The size of cluster 1 is 1
The size of cluster 2 is 1
The size of cluster 3 is 44
The size of cluster 4 is 1
The size of cluster 5 is 1
The size of cluster 6 is 1
The size of cluster 7 is 1
The size of cluster 8 is 1
The size of cluster 9 is 358
The size of cluster 10 is 17
The size of cluster 11 is 2
The size of cluster 12 is 1
The size of cluster 13 is 2
The size of cluster 14 is 23
The size of cluster 15 is 2245
The size of cluster 16 is 13
The size of cluster 17 is 178
The inertia is 165242337.374






The cluster centers for K=19
[[    0.052     1.318     0.794 ...,     0.047     0.053     0.662]
 [  112.     1710.      545.    ...,    73.       35.      660.   ]
 [  336.5       2.      783.    ...,     0.        0.5     761.   ]
 ..., 
 [ 1013.     4046.        0.    ...,     0.        0.        0.   ]
 [    3.923    10.615    15.846 ...,     0.077    -0.       99.   ]
 [    1.624    24.616    30.525 ...,     0.347     0.624    21.768]]
The size of cluster 0 is 64469
The size of cluster 1 is 1
The size of cluster 2 is 2
The size of cluster 3 is 1
The size of cluster 4 is 1
The size of cluster 5 is 1
The size of cluster 6 is 164
The size of cluster 7 is 1
The size of cluster 8 is 44
The size of cluster 9 is 2
The size of cluster 10 is 1
The size of cluster 11 is 1
The size of cluster 12 is 10
The size of cluster 13 is 82
The size of cluster 14 is 2371
The size of cluster 15 is 11
The size of cluster 16 is 1
The size of cluster 17 is 13
The size of cluster 18 is 355
The inertia is 155579602.804






The cluster centers for K=20
[[    0.052     1.325     0.797 ...,     0.047     0.053     0.666]
 [    0.     4502.        1.    ...,     0.        0.        0.   ]
 [    5.       72.      847.    ...,     0.        0.      169.   ]
 ..., 
 [    5.       49.        6.5   ...,     0.        0.      120.   ]
 [    4.056    11.389    48.667 ...,     0.444     2.167    96.111]
 [    1.135    15.697    19.814 ...,     0.459     0.703    14.094]]
The size of cluster 0 is 64520
The size of cluster 1 is 1
The size of cluster 2 is 1
The size of cluster 3 is 38
The size of cluster 4 is 184
The size of cluster 5 is 1
The size of cluster 6 is 1
The size of cluster 7 is 2
The size of cluster 8 is 2
The size of cluster 9 is 1
The size of cluster 10 is 64
The size of cluster 11 is 1
The size of cluster 12 is 1
The size of cluster 13 is 1
The size of cluster 14 is 326
The size of cluster 15 is 10
The size of cluster 16 is 11
The size of cluster 17 is 2
The size of cluster 18 is 18
The size of cluster 19 is 2346
The inertia is 147634900.495






The cluster centers for K=21
[[   0.049    1.282    0.738 ...,    0.045    0.049    0.623]
 [   5.      72.     847.    ...,    0.       0.     169.   ]
 [   3.775   45.056   85.239 ...,    0.521    0.563   64.   ]
 ..., 
 [   1.432   41.37   394.556 ...,    2.037    4.79   145.988]
 [   1.781   21.685   18.213 ...,    0.539    0.652   31.365]
 [   5.      49.       6.5   ...,    0.       0.     120.   ]]
The size of cluster 0 is 64181
The size of cluster 1 is 1
The size of cluster 2 is 71
The size of cluster 3 is 1
The size of cluster 4 is 2
The size of cluster 5 is 1
The size of cluster 6 is 1
The size of cluster 7 is 2
The size of cluster 8 is 469
The size of cluster 9 is 1
The size of cluster 10 is 1
The size of cluster 11 is 1
The size of cluster 12 is 1
The size of cluster 13 is 11
The size of cluster 14 is 11
The size of cluster 15 is 19
The size of cluster 16 is 17
The size of cluster 17 is 2479
The size of cluster 18 is 81
The size of cluster 19 is 178
The size of cluster 20 is 2
The inertia is 140315697.961






The cluster centers for K=22
[[   1.205   15.463   12.07  ...,    0.328    0.471    9.98 ]
 [   0.053    1.338    0.821 ...,    0.049    0.054    0.691]
 [   5.      72.     847.    ...,    0.       0.     169.   ]
 ..., 
 [   0.946   25.989  175.027 ...,    2.038    4.355   84.742]
 [   2.385   32.     459.692 ...,   11.615   22.385  216.308]
 [   3.412    8.882   28.235 ...,    0.118    0.647   89.529]]
The size of cluster 0 is 2174
The size of cluster 1 is 64554
The size of cluster 2 is 1
The size of cluster 3 is 1
The size of cluster 4 is 1
The size of cluster 5 is 31
The size of cluster 6 is 1
The size of cluster 7 is 2
The size of cluster 8 is 1
The size of cluster 9 is 1
The size of cluster 10 is 2
The size of cluster 11 is 22
The size of cluster 12 is 1
The size of cluster 13 is 1
The size of cluster 14 is 36
The size of cluster 15 is 5
The size of cluster 16 is 321
The size of cluster 17 is 2
The size of cluster 18 is 158
The size of cluster 19 is 186
The size of cluster 20 is 13
The size of cluster 21 is 17
The inertia is 133538977.803






The cluster centers for K=23
[[    0.049     1.277     0.712 ...,     0.044     0.049     0.609]
 [  336.5       2.      783.    ...,     0.        0.5     761.   ]
 [    0.     1960.        0.    ...,     0.        0.     6968.   ]
 ..., 
 [    1.061    14.657    21.437 ...,     0.439     0.654    14.551]
 [    0.95     22.4     172.15  ...,     5.15     12.45     68.525]
 [    2.659    32.159    72.488 ...,     0.329     0.415    45.561]]
The size of cluster 0 is 64182
The size of cluster 1 is 2
The size of cluster 2 is 1
The size of cluster 3 is 17
The size of cluster 4 is 1
The size of cluster 5 is 510
The size of cluster 6 is 1
The size of cluster 7 is 1
The size of cluster 8 is 1
The size of cluster 9 is 2
The size of cluster 10 is 1
The size of cluster 11 is 6
The size of cluster 12 is 1
The size of cluster 13 is 1
The size of cluster 14 is 32
The size of cluster 15 is 2
The size of cluster 16 is 23
The size of cluster 17 is 167
The size of cluster 18 is 4
The size of cluster 19 is 27
The size of cluster 20 is 2427
The size of cluster 21 is 40
The size of cluster 22 is 82
The inertia is 127475820.833




