[ 0.035  0.573  0.613  0.082  0.005  0.172  0.046  0.099  0.117  0.358
  0.003  0.     0.     0.003  0.018  0.     0.017  0.     0.     0.     0.08
  0.12   0.001  0.055  0.002  0.441  0.     0.007  0.408  0.     0.12
  0.121  0.197  0.004  0.028  0.028  0.135  0.011  0.027  0.173  0.     0.
  0.007  0.018  0.     0.001  0.     0.022  1.122  0.962  0.008  0.     0.073
  0.377  1.48   0.077  0.503  0.     0.     0.004  0.007  0.     0.004
  0.012  0.047  0.     0.231  0.003  0.017  0.021  0.423]

The cluster centers for K=2
[[   0.035    0.573    0.483    0.082    0.005    0.172    0.045    0.099
     0.117    0.317    0.003    0.       0.       0.003    0.018    0.
     0.017    0.       0.       0.       0.08     0.118    0.001    0.053
     0.002    0.441    0.       0.007    0.346    0.       0.12     0.121
     0.197    0.003    0.023    0.023    0.125    0.011    0.026    0.153
     0.       0.       0.007    0.018    0.       0.001    0.       0.022
     1.054    0.76     0.008    0.       0.072    0.376    1.411    0.074
     0.474    0.       0.       0.004    0.007    0.       0.004    0.012
     0.045    0.       0.204    0.003    0.017    0.021    0.38 ]
 [   0.037    0.682   97.589    0.253    0.024    0.374    1.155    0.108
     0.176   31.392    0.008    0.      -0.       0.003    0.       0.
     0.008   -0.       0.      -0.       0.039    1.25     0.089    1.229
    -0.       0.592   -0.       0.021   46.313   -0.       0.095    0.126
     0.492    0.284    3.566    3.866    8.008    0.376    0.824   15.082
    -0.       0.       0.037    0.029    0.       0.       0.       0.032
    52.368  151.505    0.021    0.       0.276    1.266   53.282    1.953
    21.9      0.       0.       0.005    0.016    0.       0.005    0.005
     1.205    0.      20.25     0.011    0.032    0.021   32.466]]
The size of cluster 0 is 283336
The size of cluster 1 is 380
The inertia is 104063157.664






The cluster centers for K=3
[[   0.035    0.573    0.535    0.082    0.005    0.172    0.047    0.099
     0.117    0.335    0.003    0.       0.       0.003    0.018    0.
     0.017    0.       0.       0.       0.08     0.12     0.001    0.055
     0.002    0.441    0.       0.007    0.358    0.       0.12     0.121
     0.197    0.003    0.023    0.023    0.125    0.011    0.026    0.153
     0.       0.       0.007    0.018    0.       0.001    0.       0.022
     1.056    0.772    0.008    0.       0.072    0.376    1.409    0.074
     0.476    0.       0.       0.004    0.007    0.       0.004    0.012
     0.047    0.       0.223    0.003    0.017    0.021    0.398]
 [   0.034    0.244    7.481    0.282    0.004    0.397    0.004    0.084
     0.214   18.229    0.011   -0.       0.       0.004   -0.       0.
     0.008   -0.       0.      -0.       0.027    0.034    0.13     0.008
     0.       0.622   -0.       0.011   52.099   -0.       0.103    0.084
     0.55     0.412    5.557    5.58    11.408    0.149    1.183   22.023
    -0.       0.       0.046    0.008    0.       0.       0.       0.011
    72.836  203.034    0.011    0.       0.271    1.256   78.256    1.981
    29.534    0.      -0.       0.004    0.011    0.       0.004    0.004
     0.       0.       1.813    0.004    0.023    0.019   18.634]
 [   0.071    1.     722.286    0.071    0.       0.179    0.       0.143
     0.071   65.143    0.       0.       0.      -0.      -0.      -0.
    -0.       0.      -0.       0.       0.036   -0.      -0.      -0.
    -0.       0.357    0.      -0.      22.214    0.       0.071    0.214
     0.25    -0.      -0.       0.       0.179    3.714   -0.       0.107
     0.      -0.       0.       0.       0.      -0.      -0.       0.107
     7.107   30.75     0.071   -0.       0.107    1.214    3.107    4.393
     3.857   -0.       0.      -0.       0.       0.       0.       0.
     0.       0.      62.107    0.071    0.107    0.036   81.821]]
The size of cluster 0 is 283426
The size of cluster 1 is 262
The size of cluster 2 is 28
The inertia is 90373680.8266






The cluster centers for K=4
[[   0.035    0.573    0.536    0.082    0.005    0.172    0.047    0.099
     0.117    0.337    0.003    0.       0.       0.003    0.018    0.
     0.017    0.       0.       0.       0.08     0.12     0.001    0.055
     0.002    0.441    0.       0.007    0.359    0.       0.12     0.121
     0.197    0.003    0.023    0.023    0.125    0.011    0.026    0.154
     0.       0.       0.007    0.018    0.       0.001    0.       0.022
     1.058    0.776    0.008    0.       0.072    0.376    1.397    0.074
     0.476    0.       0.       0.004    0.007    0.       0.004    0.012
     0.047    0.       0.223    0.003    0.017    0.021    0.4  ]
 [   0.024    0.262   11.667    0.143    0.024    0.69     0.       0.071
     0.119   12.071    0.048    0.      -0.      -0.       0.      -0.
    -0.       0.      -0.       0.       0.024    0.       0.81     0.071
    -0.       0.571    0.       0.024  108.81     0.       0.143   -0.
     0.571    0.       0.095   -0.       0.048    0.      -0.       0.19
     0.      -0.       0.048    0.       0.      -0.      -0.       0.
     1.214    6.048    0.048   -0.       0.81     4.405  517.595    0.071
     1.071   -0.      -0.      -0.      -0.       0.       0.       0.
     0.       0.       4.31    -0.       0.       0.024   17.143]
 [   0.071    1.     722.286    0.071    0.       0.179    0.       0.143
     0.071   65.143    0.       0.       0.      -0.      -0.      -0.
    -0.       0.      -0.       0.       0.036   -0.      -0.      -0.
    -0.       0.357    0.      -0.      22.214    0.       0.071    0.214
     0.25    -0.      -0.       0.       0.179    3.714   -0.       0.107
     0.      -0.       0.       0.       0.      -0.      -0.       0.107
     7.107   30.75     0.071   -0.       0.107    1.214    3.107    4.393
     3.857   -0.       0.      -0.       0.       0.       0.       0.
     0.       0.      62.107    0.071    0.107    0.036   81.821]
 [   0.032    0.218    5.705    0.232    0.005    0.427    0.005    0.077
     0.227   17.027    0.005   -0.       0.       0.005   -0.       0.
     0.009   -0.       0.      -0.       0.027    0.041   -0.       0.009
     0.       0.645   -0.       0.009   39.332   -0.       0.091    0.095
     0.605    0.491    6.141    6.641   13.541    0.177    1.409   24.959
    -0.       0.       0.045    0.009   -0.       0.       0.       0.014
    83.123  235.973    0.005    0.       0.273    1.095    9.827    2.345
    34.518    0.      -0.       0.       0.014    0.       0.005    0.005
     0.      -0.       1.336    0.005    0.027    0.018   16.664]]
The size of cluster 0 is 283426
The size of cluster 1 is 42
The size of cluster 2 is 28
The size of cluster 3 is 220
The inertia is 78985394.6776






The cluster centers for K=5
[[    0.036     1.229   175.74      0.215     0.049     0.22      4.435
      0.143     0.099    59.341    -0.       -0.        0.       -0.       -0.
      0.        0.004    -0.        0.       -0.        0.063     4.413
     -0.        4.52      0.        0.704    -0.        0.031    24.96
     -0.        0.072     0.188     0.247    -0.        0.009     0.17
      0.466     0.466     0.04      1.278    -0.        0.        0.009
      0.04     -0.        0.        0.        0.049     7.018    19.946
      0.031     0.        0.188     1.018     6.709     0.807     1.825
      0.       -0.        0.009     0.013     0.        0.004     0.009
      4.484    -0.       57.785     0.022     0.049     0.045    61.229]
 [    0.035     0.573     0.443     0.082     0.005     0.172     0.043
      0.099     0.117     0.3       0.003     0.        0.        0.003
      0.018     0.        0.017     0.        0.        0.        0.08
      0.117     0.001     0.051     0.002     0.441     0.        0.007
      0.345     0.        0.12      0.121     0.197     0.003     0.023
      0.023     0.124     0.011     0.026     0.153     0.        0.
      0.007     0.018     0.        0.001     0.        0.022     1.056
      0.765     0.008     0.        0.072     0.376     1.398     0.074
      0.475     0.        0.        0.004     0.007     0.        0.004
      0.012     0.043     0.        0.185     0.003     0.017     0.021
      0.364]
 [    0.033     0.219     3.423     0.237     0.005     0.437     0.005
      0.079     0.233    13.767     0.005    -0.        0.        0.005
     -0.        0.        0.009    -0.        0.       -0.        0.028
      0.042    -0.        0.009     0.        0.66     -0.        0.009
     38.349    -0.        0.093     0.098     0.619     0.502     6.284
      6.795    13.842     0.181     1.442    25.521    -0.        0.
      0.047     0.009    -0.        0.        0.        0.014    82.428
    239.423     0.005     0.        0.279     1.098    10.037     2.4
     35.274     0.       -0.        0.        0.014     0.        0.005
      0.005     0.       -0.        1.358     0.005     0.028     0.014
     13.107]
 [    0.4       0.2    1665.6       0.4       0.        0.2       0.
      0.2      -0.       24.2       0.        0.        0.        0.        0.
      0.        0.        0.        0.        0.        0.        0.        0.
     -0.        0.       -0.        0.        0.       34.4       0.        0.
      0.2       0.4      -0.       -0.        0.        0.        0.        0.
      0.2       0.        0.        0.        0.        0.       -0.        0.
      0.        0.2      41.8       0.        0.        0.        0.        0.
      0.        0.4       0.        0.        0.        0.        0.        0.
      0.        0.        0.        0.        0.        0.        0.       29.   ]
 [    0.027     0.297     6.432     0.162     0.027     0.73      0.
      0.054     0.108     8.892     0.054     0.       -0.       -0.        0.
     -0.       -0.        0.       -0.        0.        0.027    -0.
      0.919     0.081    -0.        0.541     0.        0.027   106.324
      0.        0.162     0.        0.649    -0.        0.108     0.
      0.054     0.       -0.        0.189     0.       -0.        0.054
      0.        0.       -0.       -0.        0.        1.297     4.297
      0.054    -0.        0.892     4.649   552.432     0.081     1.081
     -0.       -0.       -0.        0.        0.        0.        0.        0.
      0.        0.       -0.        0.       -0.        8.595]]
The size of cluster 0 is 223
The size of cluster 1 is 283236
The size of cluster 2 is 215
The size of cluster 3 is 5
The size of cluster 4 is 37
The inertia is 70800190.901






The cluster centers for K=6
[[    0.033     0.553     0.408     0.073     0.005     0.155     0.044
      0.097     0.117     0.261     0.002     0.        0.        0.003
      0.018     0.        0.018     0.        0.        0.        0.078
      0.119     0.001     0.051     0.002     0.442     0.        0.007
      0.275     0.        0.118     0.119     0.179     0.003     0.017
      0.019     0.114     0.01      0.021     0.133     0.        0.
      0.006     0.019     0.        0.001     0.        0.015     0.932
      0.582     0.007     0.        0.042     0.248     0.68      0.061
      0.394     0.        0.        0.003     0.007     0.        0.004
      0.011     0.044     0.        0.188     0.003     0.017     0.022
      0.323]
 [    0.4       0.2    1665.6       0.4       0.        0.2       0.
      0.2      -0.       24.2       0.        0.        0.        0.        0.
      0.        0.        0.        0.        0.        0.        0.        0.
     -0.        0.       -0.        0.        0.       34.4       0.        0.
      0.2       0.4      -0.       -0.        0.        0.        0.        0.
      0.2       0.        0.        0.        0.        0.       -0.        0.
      0.        0.2      41.8       0.        0.        0.        0.        0.
      0.        0.4       0.        0.        0.        0.        0.        0.
      0.        0.        0.        0.        0.        0.        0.       29.   ]
 [    0.        0.379     6.69      0.103     0.        0.897     0.
      0.069     0.103    10.586     0.069     0.       -0.       -0.       -0.
     -0.       -0.        0.       -0.        0.        0.034    -0.
      1.172    -0.       -0.        0.655     0.        0.034   123.241
      0.        0.207     0.        0.828    -0.        0.138     0.
      0.069     0.       -0.        0.241     0.       -0.        0.        0.
      0.       -0.       -0.        0.        1.655     2.414     0.       -0.
      1.        5.655   621.759     0.103     1.379    -0.        0.       -0.
      0.        0.        0.        0.        0.        0.        0.       -0.
      0.       -0.        9.862]
 [    0.034     0.213     3.5       0.23      0.006     0.315     0.006
      0.056     0.157    15.213     0.       -0.        0.        0.006
     -0.        0.        0.006    -0.        0.        0.        0.028
      0.034    -0.        0.011     0.        0.483     0.        0.006
     38.388     0.        0.073     0.079     0.466     0.522     6.888
      7.562    15.888     0.208     0.994    27.663     0.        0.
      0.045    -0.       -0.        0.        0.        0.011    88.618
    263.916     0.006     0.        0.242     0.73      7.551     2.14
     37.68      0.       -0.        0.       -0.        0.        0.
      0.006    -0.       -0.        1.64      0.006     0.034     0.011
     14.236]
 [    0.03      1.293   188.899     0.222     0.045     0.212     4.874
      0.146     0.106    59.52     -0.       -0.        0.        0.       -0.
      0.        0.005    -0.        0.        0.        0.071     4.859
     -0.        4.965     0.        0.657     0.        0.025    23.556
      0.        0.066     0.162     0.242    -0.       -0.        0.192
      0.49      0.525     0.025     0.525     0.        0.        0.01
      0.045    -0.        0.        0.        0.051     6.131    20.449
      0.035     0.        0.197     0.96      4.495     0.813     1.818
      0.       -0.        0.01      0.015     0.        0.005     0.01
      4.944    -0.       62.212     0.02      0.051     0.045    61.323]
 [    0.096     1.217     1.819     0.364     0.012     0.719     0.029
      0.166     0.142     1.787     0.005     0.        0.        0.003
      0.003     0.        0.002    -0.        0.       -0.        0.126
      0.051     0.001     0.045     0.004     0.414    -0.        0.018
      2.991     0.        0.187     0.175     0.791     0.018     0.246
      0.163     0.485     0.038     0.202     0.895    -0.        0.
      0.035     0.016     0.        0.007     0.        0.25      5.427
      7.4       0.036     0.        1.071     4.614    25.507     0.519
      3.271     0.        0.001     0.007     0.016    -0.        0.006
      0.018     0.029     0.        0.142     0.002     0.012     0.015
      1.937]]
The size of cluster 0 is 274970
The size of cluster 1 is 5
The size of cluster 2 is 29
The size of cluster 3 is 178
The size of cluster 4 is 198
The size of cluster 5 is 8336
The inertia is 65023815.1448






The cluster centers for K=7
[[    0.033     0.553     0.406     0.073     0.005     0.155     0.043
      0.097     0.117     0.262     0.002     0.        0.        0.003
      0.018     0.        0.018     0.        0.        0.        0.078
      0.119     0.001     0.051     0.002     0.442     0.        0.007
      0.276     0.        0.118     0.119     0.179     0.003     0.017
      0.019     0.114     0.01      0.021     0.133     0.        0.
      0.006     0.019     0.        0.001     0.        0.015     0.933
      0.585     0.007     0.        0.042     0.247     0.679     0.061
      0.395     0.        0.        0.003     0.007     0.        0.004
      0.011     0.044     0.        0.177     0.003     0.017     0.022
      0.323]
 [    0.034     0.212     3.486     0.229     0.006     0.313     0.006
      0.056     0.162    15.128     0.       -0.        0.        0.006
     -0.        0.        0.006    -0.        0.        0.        0.028
      0.034    -0.        0.011     0.        0.453     0.        0.006
     38.117     0.        0.073     0.078     0.464     0.52      6.933
      7.525    15.81      0.207     0.989    27.581     0.        0.
      0.045    -0.       -0.        0.        0.        0.011    87.184
    263.732     0.006     0.        0.229     0.715     7.497     1.849
     36.642     0.       -0.        0.       -0.        0.        0.
      0.006    -0.       -0.        1.631     0.006     0.034     0.011
     14.156]
 [    0.4       0.2    1665.6       0.4       0.        0.2       0.
      0.2      -0.       24.2       0.        0.        0.        0.        0.
      0.        0.        0.        0.        0.        0.        0.        0.
     -0.        0.       -0.        0.        0.       34.4       0.        0.
      0.2       0.4      -0.       -0.        0.        0.        0.        0.
      0.2       0.        0.        0.        0.        0.       -0.        0.
      0.        0.2      41.8       0.        0.        0.        0.        0.
      0.        0.4       0.        0.        0.        0.        0.        0.
      0.        0.        0.        0.        0.        0.        0.       29.   ]
 [    0.096     1.207     1.668     0.362     0.011     0.72      0.029
      0.165     0.141     1.613     0.005     0.        0.        0.003
      0.003     0.        0.002    -0.        0.       -0.        0.126
      0.051     0.001     0.045     0.004     0.408    -0.        0.017
      2.909     0.        0.187     0.174     0.79      0.018     0.245
      0.159     0.48      0.038     0.202     0.868    -0.        0.
      0.035     0.016     0.        0.007     0.        0.251     5.372
      7.256     0.035     0.        1.076     4.643    25.574     0.522
      3.269     0.        0.001     0.007     0.016    -0.        0.006
      0.018     0.029     0.        0.132     0.002     0.012     0.015
      1.759]
 [    0.        0.367     6.5       0.1       0.        0.867     0.
      0.067     0.1      10.233     0.067     0.       -0.       -0.       -0.
     -0.       -0.        0.       -0.        0.        0.033    -0.
      1.133    -0.       -0.        0.633     0.        0.033   119.5
      0.        0.2       0.        0.8      -0.        0.133     0.
      0.067     0.       -0.        0.233     0.       -0.        0.        0.
      0.       -0.       -0.        0.        1.6       2.333     0.       -0.
      0.967     5.5     612.033     0.1       1.333    -0.        0.       -0.
      0.        0.        0.        0.        0.        0.        0.       -0.
      0.       -0.        9.567]
 [    0.035     1.283   182.318     0.247     0.045     0.237     4.995
      0.141     0.111    64.005    -0.       -0.        0.        0.       -0.
      0.        0.       -0.        0.        0.        0.061     4.97
     -0.        5.086     0.        0.747     0.        0.035    24.525
      0.        0.071     0.197     0.258    -0.        0.01     -0.
      0.253     0.525     0.045     1.121     0.        0.        0.01
      0.045    -0.        0.        0.        0.056     7.717    20.556
      0.035     0.        0.197     0.914     4.768     0.919     2.051
      0.       -0.        0.005     0.01      0.        0.005     0.01
      5.051    -0.        6.298     0.02      0.02      0.015    65.035]
 [    0.086     0.971    93.743     0.        0.057     0.057     0.
      0.143     0.029    15.314     0.        0.       -0.       -0.        0.
     -0.        0.029     0.       -0.        0.        0.057    -0.       -0.
      0.029    -0.        0.229     0.       -0.        8.543     0.
      0.057     0.086     0.086    -0.       -0.        1.4       2.057
      0.       -0.        2.286     0.       -0.        0.        0.        0.
     -0.       -0.        0.        2.514    10.343     0.057    -0.
      0.029     0.8       1.171     0.029    -0.       -0.       -0.
      0.029     0.029     0.        0.        0.        0.        0.
    404.543     0.057     0.2       0.314    17.086]]
The size of cluster 0 is 274957
The size of cluster 1 is 179
The size of cluster 2 is 5
The size of cluster 3 is 8312
The size of cluster 4 is 30
The size of cluster 5 is 198
The size of cluster 6 is 35
The inertia is 60006999.7154






The cluster centers for K=8
[[    0.054     1.033    26.332     0.378     0.017     0.567     0.43
      0.183     0.218    24.356     0.005     0.       -0.        0.002
      0.003    -0.        0.004    -0.       -0.       -0.        0.074
      0.478     0.009     0.467     0.002     0.714    -0.        0.019
     25.899    -0.        0.105     0.21      0.669     0.075     1.574
      1.129     2.737     0.185     1.199     5.807    -0.       -0.
      0.031     0.025    -0.        0.002    -0.        0.042    28.127
     56.3       0.018    -0.        0.207     1.066     6.357     2.356
     11.235    -0.        0.        0.005     0.033    -0.        0.01
      0.022     0.422    -0.        2.313     0.003     0.055     0.037
     25.047]
 [    0.033     0.557     0.396     0.075     0.005     0.157     0.044
      0.097     0.117     0.247     0.002     0.        0.        0.003
      0.018     0.        0.018     0.        0.        0.        0.079
      0.119     0.001     0.052     0.002     0.443     0.        0.007
      0.277     0.        0.119     0.119     0.181     0.003     0.019
      0.02      0.116     0.01      0.022     0.137     0.        0.
      0.007     0.019     0.        0.001     0.        0.015     0.959
      0.609     0.008     0.        0.043     0.249     0.692     0.064
      0.411     0.        0.        0.004     0.007     0.        0.004
      0.012     0.044     0.        0.174     0.003     0.017     0.021
      0.309]
 [    0.        0.     2061.333     0.        0.        0.333     0.
      0.333     0.        7.        0.        0.        0.        0.        0.
      0.        0.        0.        0.        0.        0.        0.        0.
      0.        0.        0.        0.        0.       23.667     0.        0.
      0.333     0.667     0.        0.       -0.        0.        0.        0.
      0.333     0.        0.        0.        0.        0.        0.        0.
      0.        0.333    20.667     0.        0.        0.        0.        0.
      0.        0.        0.        0.        0.        0.        0.        0.
      0.       -0.        0.        0.        0.        0.        0.
      9.333]
 [    0.03      0.099     3.634     0.248     0.01      0.257     0.01
      0.089     0.158    17.168     0.       -0.       -0.        0.01
      0.        0.       -0.        0.        0.       -0.       -0.
      0.01      0.        0.       -0.        0.396    -0.        0.01
     32.782    -0.        0.059     0.079     0.475     0.901     8.277
      9.931    19.277     0.01      0.04     35.901    -0.        0.
      0.059    -0.       -0.        0.        0.        0.01     90.812
    352.673    -0.        0.        0.337     0.584     5.307     0.129
     41.277     0.       -0.        0.        0.        0.       -0.        0.
     -0.       -0.        2.792     0.01      0.059     0.02     15.327]
 [    0.        0.379     6.69      0.103     0.        0.897     0.
      0.069     0.103    10.586     0.069     0.       -0.       -0.       -0.
     -0.       -0.        0.       -0.        0.        0.034    -0.
      1.172    -0.       -0.        0.655     0.        0.034   123.241
      0.        0.207     0.        0.828    -0.        0.138     0.
      0.069     0.       -0.        0.241     0.       -0.        0.        0.
      0.       -0.       -0.        0.        1.655     2.414     0.       -0.
      1.        5.655   621.759     0.103     1.379    -0.        0.       -0.
      0.        0.        0.        0.        0.        0.        0.       -0.
      0.       -0.        9.862]
 [    0.092     1.104     0.983     0.309     0.011     0.688     0.01
      0.157     0.13      0.629     0.004     0.        0.        0.003
      0.003     0.        0.002    -0.        0.       -0.        0.128
      0.033     0.        0.024     0.004     0.362    -0.        0.017
      0.98      0.        0.188     0.159     0.735     0.002     0.071
      0.063     0.24      0.017     0.082     0.305    -0.        0.
      0.029     0.013     0.        0.006     0.        0.276     2.584
      2.196     0.035     0.        1.189     5.112    28.245     0.251
      2.037     0.        0.001     0.006     0.011     0.        0.004
      0.014     0.011     0.        0.088     0.002     0.012     0.015
      0.653]
 [    0.075     1.254   358.03      0.209     0.09      0.254     8.896
      0.09      0.03     58.06      0.       -0.       -0.        0.        0.
     -0.       -0.        0.       -0.       -0.        0.104     9.418
      0.        9.09     -0.        0.597    -0.        0.045    16.313
     -0.        0.075     0.149     0.313     0.        0.       -0.
      0.224     1.552    -0.        0.209    -0.       -0.        0.03
      0.134     0.       -0.       -0.        0.119     4.254    18.522
      0.03     -0.        0.269     0.866     3.493     2.075     2.254
     -0.       -0.       -0.        0.03      0.        0.015     0.015
      9.09      0.       11.672     0.03      0.075     0.03     66.821]
 [    0.088     0.941    78.853     0.        0.059     0.059     0.
      0.147     0.029    13.559     0.        0.       -0.       -0.        0.
     -0.        0.029     0.       -0.        0.        0.059    -0.       -0.
      0.029    -0.        0.235     0.       -0.        7.118     0.
      0.059     0.088     0.088    -0.       -0.        1.441     2.118
      0.       -0.        2.353     0.       -0.        0.        0.        0.
     -0.       -0.        0.        2.588     7.765     0.059    -0.
      0.029     0.824     1.206     0.029    -0.       -0.       -0.
      0.029     0.029     0.        0.        0.        0.        0.
    405.324     0.059     0.176     0.324    15.235]]
The size of cluster 0 is 928
The size of cluster 1 is 275301
The size of cluster 2 is 3
The size of cluster 3 is 101
The size of cluster 4 is 29
The size of cluster 5 is 7253
The size of cluster 6 is 67
The size of cluster 7 is 34
The inertia is 55497511.4539






The cluster centers for K=9
[[    0.088     1.049     0.918     0.297     0.01      0.656     0.011
      0.151     0.126     0.592     0.004     0.        0.        0.003
      0.003     0.        0.002    -0.        0.       -0.        0.122
      0.036     0.        0.023     0.003     0.363    -0.        0.017
      0.84      0.        0.186     0.156     0.705     0.002     0.071
      0.063     0.233     0.017     0.078     0.302    -0.        0.
      0.027     0.012     0.        0.006     0.        0.259     2.497
      2.13      0.031     0.        1.096     4.846    25.513     0.243
      1.961     0.        0.001     0.006     0.011    -0.        0.004
      0.013     0.012     0.        0.079     0.001     0.012     0.014
      0.613]
 [    0.075     1.254   358.03      0.209     0.09      0.254     8.896
      0.09      0.03     58.06      0.       -0.       -0.        0.        0.
     -0.       -0.        0.       -0.       -0.        0.104     9.418
      0.        9.09     -0.        0.597    -0.        0.045    16.313
     -0.        0.075     0.149     0.313     0.        0.       -0.
      0.224     1.552    -0.        0.209    -0.       -0.        0.03
      0.134     0.       -0.       -0.        0.119     4.254    18.522
      0.03     -0.        0.269     0.866     3.493     2.075     2.254
     -0.       -0.       -0.        0.03      0.        0.015     0.015
      9.09      0.       11.672     0.03      0.075     0.03     66.821]
 [    0.088     0.941    78.853     0.        0.059     0.059     0.
      0.147     0.029    13.559     0.        0.       -0.       -0.        0.
     -0.        0.029     0.       -0.        0.        0.059    -0.       -0.
      0.029    -0.        0.235     0.       -0.        7.118     0.
      0.059     0.088     0.088    -0.       -0.        1.441     2.118
      0.       -0.        2.353     0.       -0.        0.        0.        0.
     -0.       -0.        0.        2.588     7.765     0.059    -0.
      0.029     0.824     1.206     0.029    -0.       -0.       -0.
      0.029     0.029     0.        0.        0.        0.        0.
    405.324     0.059     0.176     0.324    15.235]
 [    0.055     1.075    26.528     0.383     0.017     0.576     0.445
      0.179     0.215    23.754     0.005     0.       -0.        0.002
      0.003    -0.        0.004    -0.       -0.       -0.        0.082
      0.492     0.008     0.481     0.002     0.701    -0.        0.019
     24.742    -0.        0.106     0.209     0.677     0.075     1.553
      1.107     2.726     0.181     1.171     5.763    -0.       -0.
      0.031     0.024    -0.        0.002    -0.        0.042    27.029
     55.397     0.018    -0.        0.204     1.039     4.503     2.309
     10.729    -0.        0.        0.005     0.036    -0.        0.009
      0.02      0.435    -0.        2.265     0.003     0.054     0.034
     24.165]
 [    0.        0.667    23.5       0.5      -0.       -0.        0.
      0.167     0.       37.167     0.        0.        0.        0.        0.
      0.       -0.        0.        0.       -0.        0.        0.        0.
      0.        0.        1.       -0.        0.167   100.167    -0.
      0.5       0.        0.        0.       -0.        0.       -0.        0.
      0.        0.333    -0.        0.       -0.        0.        0.        0.
      0.        0.        5.667     2.833    -0.        0.        0.333
      3.167  1288.167     0.167     3.667     0.        0.        0.        0.
      0.       -0.        0.        0.        0.        0.       -0.       -0.
      0.       32.333]
 [    0.        0.     2061.333     0.        0.        0.333     0.
      0.333     0.        7.        0.        0.        0.        0.        0.
      0.        0.        0.        0.        0.        0.        0.        0.
      0.        0.        0.        0.        0.       23.667     0.        0.
      0.333     0.667     0.        0.       -0.        0.        0.        0.
      0.333     0.        0.        0.        0.        0.        0.        0.
      0.        0.333    20.667     0.        0.        0.        0.        0.
      0.        0.        0.        0.        0.        0.        0.        0.
      0.       -0.        0.        0.        0.        0.        0.
      9.333]
 [    0.03      0.099     3.634     0.248     0.01      0.257     0.01
      0.089     0.158    17.168     0.       -0.       -0.        0.01
      0.        0.       -0.        0.        0.       -0.       -0.
      0.01      0.        0.       -0.        0.396    -0.        0.01
     32.782    -0.        0.059     0.079     0.475     0.901     8.277
      9.931    19.277     0.01      0.04     35.901    -0.        0.
      0.059    -0.       -0.        0.        0.        0.01     90.812
    352.673    -0.        0.        0.337     0.584     5.307     0.129
     41.277     0.       -0.        0.        0.        0.       -0.        0.
     -0.       -0.        2.792     0.01      0.059     0.02     15.327]
 [    0.067     0.467     7.083     0.25      0.017     0.85     -0.
      0.133     0.133     6.233     0.033    -0.       -0.        0.        0.
     -0.       -0.        0.       -0.       -0.        0.1       0.
      0.567     0.05     -0.        0.4      -0.       -0.       74.633
     -0.        0.083     0.033     0.867     0.        0.067    -0.
      0.3       0.        0.05      0.2      -0.       -0.        0.033
      0.        0.        0.033    -0.        0.317    12.15     11.433
      0.217    -0.        2.117     5.95    319.033     0.183     5.783
     -0.       -0.       -0.       -0.        0.        0.        0.017
     -0.        0.        3.1      -0.        0.        0.033    10.283]
 [    0.033     0.557     0.391     0.074     0.005     0.156     0.044
      0.097     0.117     0.246     0.003     0.        0.        0.003
      0.018     0.        0.018     0.        0.        0.        0.079
      0.119     0.001     0.052     0.002     0.443     0.        0.007
      0.275     0.        0.118     0.119     0.18      0.003     0.018
      0.02      0.116     0.01      0.022     0.136     0.        0.
      0.007     0.019     0.        0.001     0.        0.014     0.954
      0.601     0.008     0.        0.04      0.237     0.639     0.063
      0.407     0.        0.        0.004     0.007     0.        0.004
      0.012     0.044     0.        0.174     0.003     0.017     0.022
      0.308]]
The size of cluster 0 is 8346
The size of cluster 1 is 67
The size of cluster 2 is 34
The size of cluster 3 is 950
The size of cluster 4 is 6
The size of cluster 5 is 3
The size of cluster 6 is 101
The size of cluster 7 is 60
The size of cluster 8 is 274149
The inertia is 51169283.1983






The cluster centers for K=10
[[    0.077     0.454     3.572     0.355     0.011     0.66      0.068
      0.2       0.276     7.478     0.004     0.       -0.        0.002
      0.        0.        0.007    -0.        0.       -0.        0.055
      0.083     0.        0.121     0.002     0.669    -0.        0.013
     26.654    -0.        0.121     0.202     0.8       0.217     2.809
      2.421     5.607     0.36      1.805    10.906    -0.        0.
      0.039     0.033     0.        0.        0.        0.018    48.704
    102.292     0.02      0.        0.18      1.14      5.077     3.114
     17.781     0.        0.        0.007     0.022    -0.        0.011
      0.026     0.048     0.        0.559     0.002    -0.        0.004
      7.996]
 [    0.033     0.557     0.379     0.074     0.005     0.156     0.043
      0.097     0.117     0.253     0.002     0.        0.        0.003
      0.018     0.        0.018     0.        0.        0.        0.079
      0.118     0.001     0.051     0.002     0.443     0.        0.007
      0.29      0.        0.118     0.119     0.18      0.003     0.019
      0.02      0.117     0.01      0.022     0.138     0.        0.
      0.007     0.019     0.        0.001     0.        0.014     0.963
      0.624     0.008     0.        0.04      0.237     0.638     0.064
      0.41      0.        0.        0.004     0.007     0.        0.004
      0.012     0.044     0.        0.175     0.003     0.017     0.021
      0.316]
 [    0.083     1.      565.542     0.083     0.        0.125     0.
      0.125     0.083    75.083     0.        0.        0.       -0.       -0.
     -0.       -0.        0.       -0.        0.       -0.       -0.       -0.
     -0.       -0.        0.375     0.       -0.       22.917     0.
      0.083     0.208     0.167    -0.       -0.        0.        0.208
      4.333    -0.        0.083     0.       -0.        0.        0.       -0.
     -0.       -0.        0.125     8.25     33.208     0.083    -0.
      0.125     0.958     2.958     5.125     4.5      -0.        0.       -0.
      0.        0.        0.        0.       -0.       -0.       19.208
      0.083     0.125     0.042    93.542]
 [    0.        0.667    23.5       0.5      -0.       -0.        0.
      0.167     0.       37.167     0.        0.        0.        0.        0.
      0.       -0.        0.        0.       -0.        0.        0.        0.
      0.        0.        1.       -0.        0.167   100.167    -0.
      0.5       0.        0.        0.       -0.        0.       -0.        0.
      0.        0.333    -0.        0.       -0.        0.        0.        0.
      0.        0.        5.667     2.833    -0.        0.        0.333
      3.167  1288.167     0.167     3.667     0.        0.        0.        0.
      0.       -0.        0.        0.        0.        0.       -0.       -0.
      0.       32.333]
 [    0.       -0.        1.576     0.182    -0.        0.303    -0.
      0.091     0.152    20.439     0.       -0.       -0.        0.        0.
     -0.       -0.        0.       -0.       -0.       -0.        0.        0.
     -0.       -0.        0.455    -0.        0.015    38.242    -0.
      0.076     0.106     0.53      0.788    10.803    12.318    22.303
     -0.        0.061    44.879    -0.       -0.        0.091    -0.        0.
     -0.       -0.        0.015   112.5     414.879     0.       -0.
      0.47      0.652     6.848     0.197    57.045    -0.       -0.       -0.
     -0.        0.        0.        0.       -0.        0.        1.545
     -0.        0.091     0.       17.606]
 [    0.089     1.067     0.965     0.312     0.01      0.663     0.011
      0.151     0.127     0.668     0.004     0.        0.        0.003
      0.003     0.        0.002    -0.        0.       -0.        0.124
      0.036     0.        0.023     0.003     0.365    -0.        0.017
      0.941     0.        0.186     0.157     0.713     0.002     0.098
      0.064     0.247     0.017     0.08      0.318    -0.        0.
      0.027     0.011     0.        0.007     0.        0.258     2.615
      2.374     0.031     0.        1.092     4.829    25.418     0.258
      2.05      0.        0.001     0.006     0.012    -0.        0.004
      0.014     0.012     0.        0.079     0.001     0.012     0.014
      0.678]
 [    0.041     1.506    94.992     0.668     0.046     0.253     2.898
      0.13      0.118    48.425     0.015     0.       -0.        0.005
      0.003     0.        0.003     0.008     0.       -0.        0.092
      3.115     0.02      3.248    -0.        0.875    -0.        0.031
     19.471    -0.        0.095     0.205     0.274     0.        0.005
      0.003     0.269    -0.        0.634     1.389    -0.        0.
      0.008     0.023     0.        0.        0.        0.082     4.113
     15.325     0.018     0.        0.207     0.798     3.159     1.317
      1.616     0.        0.        0.003     0.038     0.        0.003
      0.008     2.957     0.        5.026     0.01      0.074     0.079
     49.038]
 [    0.        0.     2061.333     0.        0.        0.333     0.
      0.333     0.        7.        0.        0.        0.        0.        0.
      0.        0.        0.        0.        0.        0.        0.        0.
      0.        0.        0.        0.        0.       23.667     0.        0.
      0.333     0.667     0.        0.       -0.        0.        0.        0.
      0.333     0.        0.        0.        0.        0.        0.        0.
      0.        0.333    20.667     0.        0.        0.        0.        0.
      0.        0.        0.        0.        0.        0.        0.        0.
      0.       -0.        0.        0.        0.        0.        0.
      9.333]
 [    0.067     0.467     7.083     0.25      0.017     0.85     -0.
      0.133     0.133     6.233     0.033    -0.       -0.        0.        0.
     -0.       -0.        0.       -0.       -0.        0.1       0.
      0.567     0.05     -0.        0.4      -0.       -0.       74.633
     -0.        0.083     0.033     0.867     0.        0.067    -0.
      0.3       0.        0.05      0.2      -0.       -0.        0.033
      0.        0.        0.033    -0.        0.317    12.15     11.433
      0.217    -0.        2.117     5.95    319.033     0.183     5.783
     -0.       -0.       -0.       -0.        0.        0.        0.017
     -0.        0.        3.1      -0.        0.        0.033    10.283]
 [    0.088     0.941    78.853     0.        0.059     0.059     0.
      0.147     0.029    13.559     0.        0.       -0.       -0.        0.
     -0.        0.029     0.       -0.        0.        0.059    -0.       -0.
      0.029    -0.        0.235     0.       -0.        7.118     0.
      0.059     0.088     0.088    -0.       -0.        1.441     2.118
      0.       -0.        2.353     0.       -0.        0.        0.        0.
     -0.       -0.        0.        2.588     7.765     0.059    -0.
      0.029     0.824     1.206     0.029    -0.       -0.       -0.
      0.029     0.029     0.        0.        0.        0.        0.
    405.324     0.059     0.176     0.324    15.235]]
The size of cluster 0 is 456
The size of cluster 1 is 274253
The size of cluster 2 is 24
The size of cluster 3 is 6
The size of cluster 4 is 66
The size of cluster 5 is 8423
The size of cluster 6 is 391
The size of cluster 7 is 3
The size of cluster 8 is 60
The size of cluster 9 is 34
The inertia is 47409615.7058






The cluster centers for K=11
[[    0.033     0.556     0.371     0.074     0.005     0.156     0.043
      0.097     0.117     0.248     0.002     0.        0.        0.003
      0.018     0.        0.018     0.        0.        0.        0.078
      0.118     0.001     0.051     0.002     0.443     0.        0.007
      0.288     0.        0.118     0.119     0.18      0.003     0.019
      0.021     0.117     0.01      0.022     0.139     0.        0.
      0.007     0.019     0.        0.001     0.        0.014     0.965
      0.629     0.008     0.        0.04      0.237     0.638     0.064
      0.411     0.        0.        0.004     0.007     0.        0.004
      0.011     0.044     0.        0.175     0.003     0.017     0.021
      0.311]
 [    0.       -0.        0.673     0.122     0.        0.327     0.
      0.102     0.184    23.306     0.        0.       -0.        0.        0.
     -0.       -0.        0.       -0.        0.       -0.        0.       -0.
     -0.       -0.        0.592     0.        0.02     42.735     0.
      0.082     0.143     0.592     1.061    10.735    15.327    26.857
      0.        0.02     55.041     0.       -0.        0.122     0.        0.
     -0.       -0.        0.02    128.816   458.082     0.       -0.
      0.612     0.735     5.755     0.224    64.224    -0.       -0.       -0.
     -0.        0.        0.        0.        0.        0.        2.082
     -0.        0.122    -0.       19.857]
 [    0.        0.667    23.5       0.5      -0.       -0.        0.
      0.167     0.       37.167     0.        0.        0.        0.        0.
      0.       -0.        0.        0.       -0.        0.        0.        0.
      0.        0.        1.       -0.        0.167   100.167    -0.
      0.5       0.        0.        0.       -0.        0.       -0.        0.
      0.        0.333    -0.        0.       -0.        0.        0.        0.
      0.        0.        5.667     2.833    -0.        0.        0.333
      3.167  1288.167     0.167     3.667     0.        0.        0.        0.
      0.       -0.        0.        0.        0.        0.       -0.       -0.
      0.       32.333]
 [    0.088     0.941    78.853     0.        0.059     0.059     0.
      0.147     0.029    13.559     0.        0.       -0.       -0.        0.
     -0.        0.029     0.       -0.        0.        0.059    -0.       -0.
      0.029    -0.        0.235     0.       -0.        7.118     0.
      0.059     0.088     0.088    -0.       -0.        1.441     2.118
      0.       -0.        2.353     0.       -0.        0.        0.        0.
     -0.       -0.        0.        2.588     7.765     0.059    -0.
      0.029     0.824     1.206     0.029    -0.       -0.       -0.
      0.029     0.029     0.        0.        0.        0.        0.
    405.324     0.059     0.176     0.324    15.235]
 [    0.08      1.4     554.72      0.12      0.        0.36      0.
      0.12      0.08     82.2       0.        0.        0.       -0.       -0.
     -0.       -0.        0.       -0.        0.       -0.       -0.       -0.
     -0.       -0.        0.36      0.       -0.       22.08      0.
      0.08      0.2       0.4      -0.       -0.        0.        0.32
      4.16     -0.        0.2       0.       -0.        0.        0.       -0.
     -0.       -0.        0.12      8.28     32.        0.08     -0.
      0.16      0.92      3.28      4.92      4.36     -0.        0.       -0.
      0.        0.        0.        0.        0.       -0.       18.44
      0.08      0.12      0.04    100.16 ]
 [    0.068     0.475     7.169     0.237     0.017     0.864    -0.
      0.136     0.136     6.322     0.034    -0.       -0.        0.        0.
     -0.       -0.        0.       -0.       -0.        0.102     0.
      0.576     0.051    -0.        0.407    -0.       -0.       75.051
     -0.        0.085     0.034     0.881     0.        0.068    -0.
      0.085     0.       -0.        0.119    -0.       -0.        0.034
      0.        0.        0.034    -0.        0.322     6.441    10.729
      0.22     -0.        2.119     6.034   320.593     0.034     4.068
     -0.       -0.       -0.       -0.        0.        0.        0.       -0.
      0.        3.153    -0.        0.        0.034    10.441]
 [    0.089     1.067     0.937     0.313     0.01      0.664     0.011
      0.151     0.128     0.659     0.004     0.        0.        0.003
      0.003     0.        0.002    -0.        0.       -0.        0.124
      0.036     0.        0.023     0.003     0.366    -0.        0.017
      0.98      0.        0.186     0.157     0.714     0.002     0.102
      0.066     0.25      0.017     0.081     0.321    -0.        0.
      0.028     0.012     0.        0.007     0.        0.257     2.64
      2.512     0.031     0.        1.093     4.826    25.417     0.261
      2.111     0.        0.001     0.006     0.013    -0.        0.004
      0.014     0.012     0.        0.079     0.001     0.012     0.014
      0.67 ]
 [    0.        0.     2061.333     0.        0.        0.333     0.
      0.333     0.        7.        0.        0.        0.        0.        0.
      0.        0.        0.        0.        0.        0.        0.        0.
      0.        0.        0.        0.        0.       23.667     0.        0.
      0.333     0.667     0.        0.       -0.        0.        0.        0.
      0.333     0.        0.        0.        0.        0.        0.        0.
      0.        0.333    20.667     0.        0.        0.        0.        0.
      0.        0.        0.        0.        0.        0.        0.        0.
      0.       -0.        0.        0.        0.        0.        0.
      9.333]
 [    0.16      0.926     6.914     0.21      0.049     1.173     0.37
      0.037     0.654    13.049     0.       -0.       -0.        0.        0.
     -0.       -0.        0.       -0.       -0.        0.062     0.321
      0.        0.679     0.012     1.963    -0.        0.025    54.963
     -0.        0.086     0.074     1.37      0.321     0.        0.901
      8.654     1.444     9.728    23.877    -0.       -0.        0.012
      0.062     0.       -0.       -0.        0.012   203.963    26.667
     -0.       -0.        0.198     0.654     7.012    18.506    56.074
     -0.       -0.       -0.        0.025     0.        0.012     0.16
      0.272     0.        0.519    -0.        0.        0.       17.617]
 [    0.063     0.216     2.814     0.335     0.003     0.491     0.003
      0.111     0.159     6.479     0.003     0.       -0.        0.003
      0.        0.        0.009    -0.        0.       -0.        0.048
      0.036     0.       -0.       -0.        0.368    -0.        0.012
     21.234    -0.        0.108     0.15      0.641     0.219     4.21
      2.844     5.368     0.009     0.141     9.539    -0.        0.
      0.018     0.012     0.        0.        0.        0.015    20.446
    136.599     0.015     0.        0.147     1.201     5.296     0.386
     10.766     0.       -0.        0.006     0.021     0.        0.003
     -0.        0.        0.        0.763     0.003    -0.        0.006
      6.892]
 [    0.039     1.546    85.596     0.578     0.041     0.235     2.507
      0.143     0.126    44.857     0.015     0.       -0.        0.004
      0.004     0.        0.002     0.007     0.       -0.        0.091
      2.711     0.017     2.813    -0.        0.841    -0.        0.03
     19.602    -0.        0.091     0.207     0.25      0.        0.004
      0.024     0.296     0.        0.502     0.843    -0.        0.
      0.024     0.02      0.        0.        0.        0.074     2.737
     15.698     0.015     0.        0.183     0.754     2.97      0.704
      1.204     0.        0.        0.002     0.035    -0.        0.004
      0.007     2.559     0.        4.604     0.009     0.124     0.072
     44.67 ]]
The size of cluster 0 is 274229
The size of cluster 1 is 49
The size of cluster 2 is 6
The size of cluster 3 is 34
The size of cluster 4 is 25
The size of cluster 5 is 59
The size of cluster 6 is 8436
The size of cluster 7 is 3
The size of cluster 8 is 81
The size of cluster 9 is 334
The size of cluster 10 is 460
The inertia is 44355413.367






The cluster centers for K=12
[[    0.033     0.557     0.379     0.074     0.005     0.156     0.044
      0.097     0.117     0.252     0.002     0.        0.        0.003
      0.018     0.        0.018     0.        0.        0.        0.079
      0.118     0.001     0.051     0.002     0.443     0.        0.007
      0.283     0.        0.118     0.119     0.18      0.003     0.018
      0.02      0.116     0.01      0.022     0.137     0.        0.
      0.007     0.019     0.        0.001     0.        0.014     0.963
      0.601     0.008     0.        0.04      0.237     0.638     0.064
      0.409     0.        0.        0.004     0.007     0.        0.004
      0.012     0.044     0.        0.175     0.003     0.017     0.022
      0.315]
 [    0.032     0.105     3.832     0.263     0.011     0.274     0.011
      0.095     0.158    15.347     0.       -0.       -0.        0.011
      0.        0.       -0.        0.        0.       -0.       -0.
      0.011     0.        0.       -0.        0.411    -0.        0.011
     33.158    -0.        0.053     0.084     0.505     0.958     8.8
      9.095    15.284     0.011     0.042    28.347    -0.        0.
      0.063    -0.        0.        0.        0.        0.011    72.789
    333.568    -0.        0.        0.358     0.568     5.642     0.105
     29.895     0.       -0.        0.       -0.        0.       -0.        0.
     -0.        0.        2.968     0.011     0.063     0.021    14.126]
 [    0.        0.667    23.5       0.5      -0.       -0.        0.
      0.167     0.       37.167     0.        0.        0.        0.        0.
      0.       -0.        0.        0.       -0.        0.        0.        0.
      0.        0.        1.       -0.        0.167   100.167    -0.
      0.5       0.        0.        0.       -0.        0.       -0.        0.
      0.        0.333    -0.        0.       -0.        0.        0.        0.
      0.        0.        5.667     2.833    -0.        0.        0.333
      3.167  1288.167     0.167     3.667     0.        0.        0.        0.
      0.       -0.        0.        0.        0.        0.       -0.       -0.
      0.       32.333]
 [    0.169     0.922     6.948     0.221     0.052     1.234     0.39
      0.039     0.688    12.649     0.       -0.       -0.        0.        0.
     -0.       -0.        0.       -0.       -0.        0.065     0.338
      0.        0.714     0.013     2.065    -0.        0.026    56.325
     -0.        0.091     0.065     1.429     0.338     0.        0.922
      9.104     1.519    10.234    24.961    -0.       -0.        0.013
      0.065     0.       -0.       -0.        0.013   208.883    26.338
     -0.       -0.        0.208     0.662     7.299    19.117    57.844
     -0.       -0.       -0.        0.026     0.        0.013     0.169
      0.286     0.        0.545    -0.        0.        0.       17.117]
 [    0.083     1.      565.542     0.083     0.        0.125     0.
      0.125     0.083    75.083     0.        0.        0.       -0.       -0.
     -0.       -0.        0.       -0.        0.       -0.       -0.       -0.
     -0.       -0.        0.375     0.       -0.       22.917     0.
      0.083     0.208     0.167    -0.       -0.        0.        0.208
      4.333    -0.        0.083     0.       -0.        0.        0.       -0.
     -0.       -0.        0.125     8.25     33.208     0.083    -0.
      0.125     0.958     2.958     5.125     4.5      -0.        0.       -0.
      0.        0.        0.        0.       -0.       -0.       19.208
      0.083     0.125     0.042    93.542]
 [    0.        0.     2061.333     0.        0.        0.333     0.
      0.333     0.        7.        0.        0.        0.        0.        0.
      0.        0.        0.        0.        0.        0.        0.        0.
      0.        0.        0.        0.        0.       23.667     0.        0.
      0.333     0.667     0.        0.       -0.        0.        0.        0.
      0.333     0.        0.        0.        0.        0.        0.        0.
      0.        0.333    20.667     0.        0.        0.        0.        0.
      0.        0.        0.        0.        0.        0.        0.        0.
      0.       -0.        0.        0.        0.        0.        0.
      9.333]
 [    0.088     0.941    78.853     0.        0.059     0.059     0.
      0.147     0.029    13.559     0.        0.       -0.       -0.        0.
     -0.        0.029     0.       -0.        0.        0.059    -0.       -0.
      0.029    -0.        0.235     0.       -0.        7.118     0.
      0.059     0.088     0.088    -0.       -0.        1.441     2.118
      0.       -0.        2.353     0.       -0.        0.        0.        0.
     -0.       -0.        0.        2.588     7.765     0.059    -0.
      0.029     0.824     1.206     0.029    -0.       -0.       -0.
      0.029     0.029     0.        0.        0.        0.        0.
    405.324     0.059     0.176     0.324    15.235]
 [    0.042     1.537    96.529     0.678     0.047     0.254     2.966
      0.131     0.118    47.971     0.013     0.       -0.        0.005
      0.003     0.        0.003     0.008     0.       -0.        0.092
      3.188     0.        3.325    -0.        0.89     -0.        0.031
     18.62     -0.        0.094     0.202     0.267     0.        0.005
      0.003     0.267    -0.        0.602     0.806    -0.        0.
      0.005     0.024     0.        0.        0.        0.076     2.398
     14.987     0.016     0.        0.199     0.801     3.089     0.757
      0.955     0.        0.        0.003     0.039     0.        0.003
      0.008     3.026     0.        5.034     0.01      0.076     0.081
     48.225]
 [    0.068     0.475     7.169     0.237     0.017     0.864    -0.
      0.136     0.136     6.322     0.034    -0.       -0.        0.        0.
     -0.       -0.        0.       -0.       -0.        0.102     0.
      0.576     0.051    -0.        0.407    -0.       -0.       75.051
     -0.        0.085     0.034     0.881     0.        0.068    -0.
      0.085     0.       -0.        0.119    -0.       -0.        0.034
      0.        0.        0.034    -0.        0.322     6.441    10.729
      0.22     -0.        2.119     6.034   320.593     0.034     4.068
     -0.       -0.       -0.       -0.        0.        0.        0.       -0.
      0.        3.153    -0.        0.        0.034    10.441]
 [    0.        0.        0.        0.        0.        0.        0.        0.
      0.       91.333     0.        0.        0.        0.        0.        0.
      0.        0.        0.        0.        0.        0.        0.        0.
      0.        0.333     0.        0.       50.667     0.        0.        0.
      0.        0.        0.       44.333   157.        0.        0.
    291.667     0.        0.        0.        0.        0.        0.        0.
      0.      567.333  1072.        0.        0.        0.        1.667
      0.        1.      318.333     0.        0.        0.        0.        0.
      0.        0.       -0.        0.        0.        0.        0.        0.
     66.667]
 [    0.051     0.306     2.674     0.391     0.004     0.564    -0.
      0.108     0.17      6.323     0.006     0.       -0.        0.
      0.002     0.        0.006    -0.        0.       -0.        0.07
      0.026     0.015     0.002     0.002     0.404    -0.        0.008
     18.883    -0.        0.111     0.164     0.723     0.075     3.102
      1.996     3.532     0.008     0.13      6.262    -0.        0.
      0.038     0.019     0.        0.002     0.        0.019    13.421
     87.279     0.025     0.        0.208     1.221     5.796     0.468
      9.519     0.        0.        0.006     0.015    -0.        0.008
      0.008     0.        0.        0.274    -0.        0.004    -0.
      6.34 ]
 [    0.088     1.061     0.956     0.302     0.011     0.659     0.011
      0.151     0.127     0.64      0.004     0.        0.        0.003
      0.003     0.        0.002    -0.        0.       -0.        0.122
      0.036     0.        0.023     0.003     0.362    -0.        0.018
      0.885     0.        0.185     0.156     0.707     0.002     0.068
      0.057     0.23      0.017     0.079     0.296    -0.        0.
      0.027     0.011     0.        0.006     0.        0.259     2.529
      2.097     0.031     0.        1.096     4.847    25.47      0.25
      1.977     0.        0.001     0.006     0.013    -0.        0.004
      0.013     0.012     0.        0.079     0.001     0.012     0.014
      0.652]]
The size of cluster 0 is 274143
The size of cluster 1 is 95
The size of cluster 2 is 6
The size of cluster 3 is 77
The size of cluster 4 is 24
The size of cluster 5 is 3
The size of cluster 6 is 34
The size of cluster 7 is 382
The size of cluster 8 is 59
The size of cluster 9 is 3
The size of cluster 10 is 530
The size of cluster 11 is 8360
The inertia is 41774833.1143






The cluster centers for K=13
[[    0.088     1.06      0.943     0.302     0.011     0.66      0.011
      0.151     0.128     0.637     0.004     0.        0.        0.003
      0.003     0.        0.002    -0.        0.       -0.        0.122
      0.036     0.        0.023     0.003     0.364    -0.        0.018
      0.889     0.        0.186     0.156     0.708     0.002     0.07
      0.057     0.231     0.017     0.079     0.298    -0.        0.
      0.027     0.011     0.        0.006     0.        0.259     2.548
      2.124     0.031     0.        1.095     4.849    25.46      0.256
      1.994     0.        0.001     0.006     0.013    -0.        0.004
      0.013     0.012     0.        0.079     0.001     0.012     0.014
      0.648]
 [    0.032     0.105     3.832     0.263     0.011     0.274     0.011
      0.095     0.158    15.347     0.       -0.       -0.        0.011
      0.        0.       -0.        0.        0.       -0.       -0.
      0.011     0.        0.       -0.        0.411    -0.        0.011
     33.158    -0.        0.053     0.084     0.505     0.958     8.8
      9.095    15.284     0.011     0.042    28.347    -0.        0.
      0.063    -0.        0.        0.        0.        0.011    72.789
    333.568    -0.        0.        0.358     0.568     5.642     0.105
     29.895     0.       -0.        0.       -0.        0.       -0.        0.
     -0.        0.        2.968     0.011     0.063     0.021    14.126]
 [    0.033     0.557     0.377     0.074     0.005     0.156     0.044
      0.097     0.117     0.252     0.002     0.        0.        0.003
      0.018     0.        0.018     0.        0.        0.        0.079
      0.118     0.001     0.051     0.002     0.443     0.        0.007
      0.284     0.        0.118     0.119     0.18      0.003     0.018
      0.02      0.116     0.01      0.022     0.137     0.        0.
      0.007     0.019     0.        0.001     0.        0.014     0.962
      0.602     0.008     0.        0.04      0.237     0.638     0.064
      0.409     0.        0.        0.004     0.007     0.        0.004
      0.012     0.044     0.        0.17      0.003     0.017     0.021
      0.314]
 [    0.08      1.4     554.72      0.12      0.        0.36      0.
      0.12      0.08     82.2       0.        0.        0.       -0.       -0.
     -0.       -0.        0.       -0.        0.       -0.       -0.       -0.
     -0.       -0.        0.36      0.       -0.       22.08      0.
      0.08      0.2       0.4      -0.       -0.        0.        0.32
      4.16     -0.        0.2       0.       -0.        0.        0.       -0.
     -0.       -0.        0.12      8.28     32.        0.08     -0.
      0.16      0.92      3.28      4.92      4.36     -0.        0.       -0.
      0.        0.        0.        0.        0.       -0.       18.44
      0.08      0.12      0.04    100.16 ]
 [    0.        0.667    23.5       0.5      -0.       -0.        0.
      0.167     0.       37.167     0.        0.        0.        0.        0.
      0.       -0.        0.        0.       -0.        0.        0.        0.
      0.        0.        1.       -0.        0.167   100.167    -0.
      0.5       0.        0.        0.       -0.        0.       -0.        0.
      0.        0.333    -0.        0.       -0.        0.        0.        0.
      0.        0.        5.667     2.833    -0.        0.        0.333
      3.167  1288.167     0.167     3.667     0.        0.        0.        0.
      0.       -0.        0.        0.        0.        0.       -0.       -0.
      0.       32.333]
 [    0.        2.      226.75      0.        0.5       0.25      0.        0.
      0.        0.5       0.        0.        0.        0.        0.        0.
      0.        0.        0.        0.        0.25      0.        0.        0.
      0.        0.25      0.        0.        1.        0.        0.        0.
      0.25      0.        0.        0.        0.        0.        0.        0.
      0.        0.        0.        0.        0.        0.        0.        0.
      0.        1.75      0.        0.        0.        4.25      5.5
      0.        0.        0.        0.        0.        0.        0.        0.
      0.        0.        0.     1034.5       0.        0.        0.25
      5.75 ]
 [    0.068     0.475     7.169     0.237     0.017     0.864    -0.
      0.136     0.136     6.322     0.034    -0.       -0.        0.        0.
     -0.       -0.        0.       -0.       -0.        0.102     0.
      0.576     0.051    -0.        0.407    -0.       -0.       75.051
     -0.        0.085     0.034     0.881     0.        0.068    -0.
      0.085     0.       -0.        0.119    -0.       -0.        0.034
      0.        0.        0.034    -0.        0.322     6.441    10.729
      0.22     -0.        2.119     6.034   320.593     0.034     4.068
     -0.       -0.       -0.       -0.        0.        0.        0.       -0.
      0.        3.153    -0.        0.        0.034    10.441]
 [    0.049     0.305     2.579     0.394     0.004     0.561    -0.
      0.109     0.159     6.264     0.006     0.       -0.        0.
      0.002     0.        0.006    -0.        0.       -0.        0.07
      0.025     0.016     0.002     0.002     0.384    -0.        0.008
     18.528    -0.        0.109     0.163     0.726     0.078     3.188
      2.049     3.619     0.006     0.13      6.394    -0.        0.
      0.039     0.019     0.        0.002     0.        0.019    13.499
     88.672     0.025     0.        0.214     1.171     5.8       0.435
      9.548     0.        0.        0.006     0.016    -0.        0.008
      0.008     0.        0.        0.28     -0.        0.002    -0.
      6.295]
 [    0.        0.     2061.333     0.        0.        0.333     0.
      0.333     0.        7.        0.        0.        0.        0.        0.
      0.        0.        0.        0.        0.        0.        0.        0.
      0.        0.        0.        0.        0.       23.667     0.        0.
      0.333     0.667     0.        0.       -0.        0.        0.        0.
      0.333     0.        0.        0.        0.        0.        0.        0.
      0.        0.333    20.667     0.        0.        0.        0.        0.
      0.        0.        0.        0.        0.        0.        0.        0.
      0.       -0.        0.        0.        0.        0.        0.
      9.333]
 [    0.041     1.523    94.621     0.668     0.046     0.24      2.92
      0.129     0.121    46.977     0.013     0.       -0.        0.005
      0.003     0.        0.003     0.008     0.       -0.        0.108
      3.139     0.        3.273    -0.        0.881    -0.        0.031
     18.549    -0.        0.101     0.204     0.25      0.        0.005
      0.003     0.268    -0.        0.593     0.799    -0.        0.
      0.005     0.023     0.        0.        0.        0.082     2.397
     15.036     0.015     0.        0.198     0.814     3.034     0.75
      0.956     0.        0.        0.003     0.039     0.        0.003
      0.008     2.979     0.        3.789     0.01      0.077     0.08
     46.941]
 [    0.        0.        0.        0.        0.        0.        0.        0.
      0.       91.333     0.        0.        0.        0.        0.        0.
      0.        0.        0.        0.        0.        0.        0.        0.
      0.        0.333     0.        0.       50.667     0.        0.        0.
      0.        0.        0.       44.333   157.        0.        0.
    291.667     0.        0.        0.        0.        0.        0.        0.
      0.      567.333  1072.        0.        0.        0.        1.667
      0.        1.      318.333     0.        0.        0.        0.        0.
      0.        0.       -0.        0.        0.        0.        0.        0.
     66.667]
 [    0.169     0.922     6.948     0.221     0.052     1.234     0.39
      0.039     0.688    12.649     0.       -0.       -0.        0.        0.
     -0.       -0.        0.       -0.       -0.        0.065     0.338
      0.        0.714     0.013     2.065    -0.        0.026    56.325
     -0.        0.091     0.065     1.429     0.338     0.        0.922
      9.104     1.519    10.234    24.961    -0.       -0.        0.013
      0.065     0.       -0.       -0.        0.013   208.883    26.338
     -0.       -0.        0.208     0.662     7.299    19.117    57.844
     -0.       -0.       -0.        0.026     0.        0.013     0.169
      0.286     0.        0.545    -0.        0.        0.       17.117]
 [    0.073     0.683    56.585     0.        0.        0.098     0.
      0.195     0.098    12.683     0.        0.       -0.        0.122
      0.       -0.        0.024     0.       -0.        0.        0.195
      0.       -0.        0.024    -0.        0.268     0.       -0.
      7.268     0.        0.195     0.146     0.073     0.        0.
      1.195     1.829     0.       -0.        2.049     0.       -0.        0.
      0.        0.       -0.       -0.        0.        2.61      7.927
      0.049    -0.        0.049     0.293     1.098     0.024    -0.       -0.
     -0.        0.024     0.024     0.        0.        0.        0.        0.
    281.317     0.049     0.293     0.854    17.463]]
The size of cluster 0 is 8367
The size of cluster 1 is 95
The size of cluster 2 is 274133
The size of cluster 3 is 25
The size of cluster 4 is 6
The size of cluster 5 is 4
The size of cluster 6 is 59
The size of cluster 7 is 515
The size of cluster 8 is 3
The size of cluster 9 is 388
The size of cluster 10 is 3
The size of cluster 11 is 77
The size of cluster 12 is 41
The inertia is 39759666.3536






The cluster centers for K=14
[[    0.048     0.302     2.597     0.395     0.004     0.562    -0.
      0.109     0.159     6.353     0.006     0.       -0.        0.
      0.002     0.        0.006    -0.        0.       -0.        0.068
      0.027     0.016     0.002     0.002     0.388    -0.        0.008
     18.521    -0.        0.109     0.163     0.725     0.078     3.174
      1.952     3.55      0.008     0.13      6.283    -0.        0.
      0.039     0.019     0.        0.002     0.        0.019    13.469
     88.469     0.025     0.        0.205     1.219     5.422     0.434
      9.527     0.        0.        0.006     0.016    -0.        0.008
      0.008     0.        0.        0.279    -0.        0.002    -0.
      6.366]
 [    0.032     0.55      0.367     0.069     0.005     0.15      0.044
      0.096     0.117     0.244     0.002     0.        0.        0.003
      0.019     0.        0.018     0.        0.        0.        0.078
      0.12      0.001     0.051     0.002     0.446     0.        0.007
      0.271     0.        0.118     0.119     0.173     0.003     0.016
      0.019     0.113     0.01      0.02      0.131     0.        0.
      0.006     0.019     0.        0.001     0.        0.012     0.911
      0.565     0.007     0.        0.029     0.186     0.389     0.059
      0.372     0.        0.        0.004     0.007     0.        0.004
      0.011     0.044     0.        0.172     0.003     0.017     0.022
      0.308]
 [    0.042     1.525    94.906     0.673     0.047     0.242     2.943
      0.13      0.122    47.257     0.013     0.       -0.        0.005
      0.003     0.        0.003     0.008     0.       -0.        0.109
      3.164     0.        3.299    -0.        0.888    -0.        0.031
     18.595    -0.        0.101     0.205     0.249     0.        0.005
      0.003     0.27     -0.        0.597     0.805    -0.        0.
      0.005     0.023     0.        0.        0.        0.078     2.351
     15.073     0.016     0.        0.2       0.813     2.984     0.751
      0.945     0.        0.        0.003     0.039     0.        0.003
      0.008     3.003     0.        3.761     0.01      0.078     0.081
     47.197]
 [    0.032     0.105     3.832     0.263     0.011     0.274     0.011
      0.095     0.158    15.347     0.       -0.       -0.        0.011
      0.        0.       -0.        0.        0.       -0.       -0.
      0.011     0.        0.       -0.        0.411    -0.        0.011
     33.158    -0.        0.053     0.084     0.505     0.958     8.8
      9.095    15.284     0.011     0.042    28.347    -0.        0.
      0.063    -0.        0.        0.        0.        0.011    72.789
    333.568    -0.        0.        0.358     0.568     5.642     0.105
     29.895     0.       -0.        0.       -0.        0.       -0.        0.
     -0.        0.        2.968     0.011     0.063     0.021    14.126]
 [    0.        0.667    23.5       0.5      -0.       -0.        0.
      0.167     0.       37.167     0.        0.        0.        0.        0.
      0.       -0.        0.        0.       -0.        0.        0.        0.
      0.        0.        1.       -0.        0.167   100.167    -0.
      0.5       0.        0.        0.       -0.        0.       -0.        0.
      0.        0.333    -0.        0.       -0.        0.        0.        0.
      0.        0.        5.667     2.833    -0.        0.        0.333
      3.167  1288.167     0.167     3.667     0.        0.        0.        0.
      0.       -0.        0.        0.        0.        0.       -0.       -0.
      0.       32.333]
 [    0.        0.     2061.333     0.        0.        0.333     0.
      0.333     0.        7.        0.        0.        0.        0.        0.
      0.        0.        0.        0.        0.        0.        0.        0.
      0.        0.        0.        0.        0.       23.667     0.        0.
      0.333     0.667     0.        0.       -0.        0.        0.        0.
      0.333     0.        0.        0.        0.        0.        0.        0.
      0.        0.333    20.667     0.        0.        0.        0.        0.
      0.        0.        0.        0.        0.        0.        0.        0.
      0.       -0.        0.        0.        0.        0.        0.
      9.333]
 [    0.073     0.683    56.585     0.        0.        0.098     0.
      0.195     0.098    12.683     0.        0.       -0.        0.122
      0.       -0.        0.024     0.       -0.        0.        0.195
      0.       -0.        0.024    -0.        0.268     0.       -0.
      7.268     0.        0.195     0.146     0.073     0.        0.
      1.195     1.829     0.       -0.        2.049     0.       -0.        0.
      0.        0.       -0.       -0.        0.        2.61      7.927
      0.049    -0.        0.049     0.293     1.098     0.024    -0.       -0.
     -0.        0.024     0.024     0.        0.        0.        0.        0.
    281.317     0.049     0.293     0.854    17.463]
 [    0.075     0.912     0.811     0.278     0.01      0.48      0.021
      0.131     0.117     0.563     0.004     0.        0.        0.002
      0.003     0.        0.002     0.        0.       -0.        0.104
      0.04      0.001     0.033     0.002     0.334    -0.        0.014
      0.782     0.        0.158     0.141     0.538     0.007     0.078
      0.048     0.218     0.019     0.079     0.308    -0.       -0.
      0.026     0.012     0.        0.006     0.        0.165     2.648
      1.999     0.028    -0.        0.668     3.163    15.277     0.243
      1.835    -0.        0.001     0.005     0.009    -0.        0.004
      0.013     0.022     0.        0.083     0.001     0.012     0.014
      0.594]
 [    0.08      1.4     554.72      0.12      0.        0.36      0.
      0.12      0.08     82.2       0.        0.        0.       -0.       -0.
     -0.       -0.        0.       -0.        0.       -0.       -0.       -0.
     -0.       -0.        0.36      0.       -0.       22.08      0.
      0.08      0.2       0.4      -0.       -0.        0.        0.32
      4.16     -0.        0.2       0.       -0.        0.        0.       -0.
     -0.       -0.        0.12      8.28     32.        0.08     -0.
      0.16      0.92      3.28      4.92      4.36     -0.        0.       -0.
      0.        0.        0.        0.        0.       -0.       18.44
      0.08      0.12      0.04    100.16 ]
 [    0.122     1.434     1.555     0.34      0.015     1.203     0.012
      0.196     0.162     0.904     0.002    -0.       -0.        0.005
      0.001    -0.        0.005    -0.        0.001    -0.        0.192
      0.034    -0.        0.023     0.012     0.455    -0.        0.025
      1.86     -0.        0.252     0.193     1.216     0.005     0.084
      0.142     0.307     0.023     0.067     0.436    -0.       -0.
      0.032     0.005    -0.        0.005    -0.        0.58      3.52
      2.807     0.046    -0.        2.591     9.667    60.98      0.334
      2.798    -0.        0.001     0.004     0.014    -0.        0.002
      0.013     0.015    -0.        0.065     0.002     0.014     0.015
      0.885]
 [    0.        2.      226.75      0.        0.5       0.25      0.        0.
      0.        0.5       0.        0.        0.        0.        0.        0.
      0.        0.        0.        0.        0.25      0.        0.        0.
      0.        0.25      0.        0.        1.        0.        0.        0.
      0.25      0.        0.        0.        0.        0.        0.        0.
      0.        0.        0.        0.        0.        0.        0.        0.
      0.        1.75      0.        0.        0.        4.25      5.5
      0.        0.        0.        0.        0.        0.        0.        0.
      0.        0.        0.     1034.5       0.        0.        0.25
      5.75 ]
 [    0.        0.        0.        0.        0.        0.        0.        0.
      0.       91.333     0.        0.        0.        0.        0.        0.
      0.        0.        0.        0.        0.        0.        0.        0.
      0.        0.333     0.        0.       50.667     0.        0.        0.
      0.        0.        0.       44.333   157.        0.        0.
    291.667     0.        0.        0.        0.        0.        0.        0.
      0.      567.333  1072.        0.        0.        0.        1.667
      0.        1.      318.333     0.        0.        0.        0.        0.
      0.        0.       -0.        0.        0.        0.        0.        0.
     66.667]
 [    0.022     0.267     8.244     0.133     0.022     0.756     0.
      0.089     0.133     7.089     0.044     0.       -0.       -0.        0.
     -0.       -0.        0.       -0.        0.        0.022     0.
      0.756     0.067    -0.        0.422     0.       -0.       93.822
      0.        0.089     0.022     0.756     0.        0.089    -0.
      0.089     0.       -0.        0.133     0.       -0.        0.044
      0.        0.        0.044    -0.        0.        7.289    13.778
      0.244    -0.        1.222     4.244   359.067     0.044     5.022
     -0.       -0.       -0.       -0.        0.        0.        0.        0.
      0.        4.133    -0.        0.        0.044    12.489]
 [    0.169     0.922     6.948     0.221     0.052     1.234     0.39
      0.039     0.688    12.649     0.       -0.       -0.        0.        0.
     -0.       -0.        0.       -0.       -0.        0.065     0.338
      0.        0.714     0.013     2.065    -0.        0.026    56.325
     -0.        0.091     0.065     1.429     0.338     0.        0.922
      9.104     1.519    10.234    24.961    -0.       -0.        0.013
      0.065     0.       -0.       -0.        0.013   208.883    26.338
     -0.       -0.        0.208     0.662     7.299    19.117    57.844
     -0.       -0.       -0.        0.026     0.        0.013     0.169
      0.286     0.        0.545    -0.        0.        0.       17.117]]
The size of cluster 0 is 516
The size of cluster 1 is 267041
The size of cluster 2 is 385
The size of cluster 3 is 95
The size of cluster 4 is 6
The size of cluster 5 is 3
The size of cluster 6 is 41
The size of cluster 7 is 14364
The size of cluster 8 is 25
The size of cluster 9 is 1111
The size of cluster 10 is 4
The size of cluster 11 is 3
The size of cluster 12 is 45
The size of cluster 13 is 77
The inertia is 37867070.3521






The cluster centers for K=15
[[   0.032    0.55     0.368 ...,    0.017    0.022    0.307]
 [   0.042    1.552   96.401 ...,    0.074    0.082   48.491]
 [   0.       0.5     22.333 ...,   -0.       0.      16.333]
 ..., 
 [   0.165    0.899    6.81  ...,    0.       0.      17.772]
 [   0.073    0.683   56.585 ...,    0.293    0.854   17.463]
 [   0.083    1.     565.542 ...,    0.125    0.042   93.542]]
The size of cluster 0 is 267030
The size of cluster 1 is 377
The size of cluster 2 is 6
The size of cluster 3 is 6
The size of cluster 4 is 14369
The size of cluster 5 is 3
The size of cluster 6 is 96
The size of cluster 7 is 4
The size of cluster 8 is 44
The size of cluster 9 is 1
The size of cluster 10 is 1112
The size of cluster 11 is 524
The size of cluster 12 is 79
The size of cluster 13 is 41
The size of cluster 14 is 24
The inertia is 36207144.0719






The cluster centers for K=16
[[    0.075     0.907     0.743 ...,     0.012     0.014     0.532]
 [    0.        0.     2061.333 ...,     0.        0.        9.333]
 [    0.031     0.104     4.156 ...,     0.062     0.021    13.729]
 ..., 
 [    0.169     0.922     6.987 ...,     0.        0.       16.143]
 [    0.        0.5      22.333 ...,    -0.        0.       16.333]
 [    0.05      0.258     1.868 ...,     0.002    -0.        4.271]]
The size of cluster 0 is 14345
The size of cluster 1 is 3
The size of cluster 2 is 96
The size of cluster 3 is 84
The size of cluster 4 is 44
The size of cluster 5 is 18
The size of cluster 6 is 266874
The size of cluster 7 is 4
The size of cluster 8 is 6
The size of cluster 9 is 1147
The size of cluster 10 is 1
The size of cluster 11 is 39
The size of cluster 12 is 488
The size of cluster 13 is 77
The size of cluster 14 is 6
The size of cluster 15 is 484
The inertia is 34673005.2363






The cluster centers for K=17
[[    0.145     3.076    10.04  ...,     0.074     0.09      5.369]
 [    0.        0.     2061.333 ...,     0.        0.        9.333]
 [    0.046     1.72     53.854 ...,     0.092     0.096    73.845]
 ..., 
 [    0.105     1.105   615.211 ...,     0.158     0.053    92.684]
 [    0.064     0.706     0.507 ...,     0.011     0.013     0.363]
 [    0.        1.       18.    ...,     0.        0.       97.   ]]
The size of cluster 0 is 3778
The size of cluster 1 is 3
The size of cluster 2 is 239
The size of cluster 3 is 100
The size of cluster 4 is 6
The size of cluster 5 is 44
The size of cluster 6 is 264697
The size of cluster 7 is 55
The size of cluster 8 is 4
The size of cluster 9 is 1061
The size of cluster 10 is 3
The size of cluster 11 is 72
The size of cluster 12 is 40
The size of cluster 13 is 300
The size of cluster 14 is 19
The size of cluster 15 is 13294
The size of cluster 16 is 1
The inertia is 33106413.8277






The cluster centers for K=18
[[    0.061     0.672     0.48  ...,     0.01      0.012     0.341]
 [    0.        0.     2061.333 ...,     0.        0.        9.333]
 [    0.06      0.197     2.022 ...,    -0.       -0.        5.076]
 ..., 
 [    0.        2.      226.75  ...,     0.        0.25      5.75 ]
 [    0.077     0.667    49.179 ...,     0.282     0.897    18.282]
 [    0.        0.429    19.143 ...,    -0.       -0.       14.   ]]
The size of cluster 0 is 14535
The size of cluster 1 is 3
The size of cluster 2 is 315
The size of cluster 3 is 84
The size of cluster 4 is 1
The size of cluster 5 is 98
The size of cluster 6 is 3722
The size of cluster 7 is 263169
The size of cluster 8 is 6
The size of cluster 9 is 195
The size of cluster 10 is 55
The size of cluster 11 is 2
The size of cluster 12 is 58
The size of cluster 13 is 1404
The size of cluster 14 is 19
The size of cluster 15 is 4
The size of cluster 16 is 39
The size of cluster 17 is 7
The inertia is 31598748.665






The cluster centers for K=19
[[    0.061     0.686     0.528 ...,     0.01      0.013     0.366]
 [    0.        0.     2061.333 ...,     0.        0.        9.333]
 [    0.025     0.075     4.175 ...,     0.075     0.025    14.762]
 ..., 
 [    0.        0.429    19.143 ...,    -0.       -0.       14.   ]
 [    0.053     1.621    39.502 ...,     0.112     0.164    19.968]
 [    0.171     3.08      1.825 ...,     0.037     0.026     2.374]]
The size of cluster 0 is 14483
The size of cluster 1 is 3
The size of cluster 2 is 80
The size of cluster 3 is 19
The size of cluster 4 is 1
The size of cluster 5 is 1372
The size of cluster 6 is 58
The size of cluster 7 is 4
The size of cluster 8 is 263452
The size of cluster 9 is 6
The size of cluster 10 is 84
The size of cluster 11 is 289
The size of cluster 12 is 85
The size of cluster 13 is 2
The size of cluster 14 is 55
The size of cluster 15 is 39
The size of cluster 16 is 7
The size of cluster 17 is 912
The size of cluster 18 is 2765
The inertia is 30250144.6289






The cluster centers for K=20
[[   0.063    0.706    0.543 ...,    0.01     0.013    0.377]
 [   0.035    0.118    4.094 ...,    0.071    0.024   13.671]
 [   0.051    1.622   39.212 ...,    0.116    0.165   19.332]
 ..., 
 [   0.024    0.702  202.798 ...,    0.024    0.      18.988]
 [   0.       0.       0.    ...,    0.       0.       0.   ]
 [   0.       0.       0.5   ...,    0.       0.       0.5  ]]
The size of cluster 0 is 13491
The size of cluster 1 is 85
The size of cluster 2 is 915
The size of cluster 3 is 19
The size of cluster 4 is 2948
The size of cluster 5 is 1248
The size of cluster 6 is 3
The size of cluster 7 is 264354
The size of cluster 8 is 91
The size of cluster 9 is 1
The size of cluster 10 is 39
The size of cluster 11 is 7
The size of cluster 12 is 9
The size of cluster 13 is 69
The size of cluster 14 is 291
The size of cluster 15 is 4
The size of cluster 16 is 55
The size of cluster 17 is 84
The size of cluster 18 is 1
The size of cluster 19 is 2
The inertia is 29162101.4661






The cluster centers for K=21
[[    0.032     0.532     0.29  ...,     0.016     0.021     0.262]
 [    0.667     0.333  1208.667 ...,     0.        0.       48.333]
 [    0.        1.       18.    ...,     0.        0.       97.   ]
 ..., 
 [    0.        0.        0.5   ...,     0.        0.        0.5  ]
 [    0.        1.045   519.5   ...,     0.136     0.045    96.727]
 [    0.        0.        1.778 ...,    -0.       -0.       42.222]]
The size of cluster 0 is 263364
The size of cluster 1 is 3
The size of cluster 2 is 1
The size of cluster 3 is 85
The size of cluster 4 is 4
The size of cluster 5 is 7
The size of cluster 6 is 91
The size of cluster 7 is 2
The size of cluster 8 is 2815
The size of cluster 9 is 1369
The size of cluster 10 is 1
The size of cluster 11 is 58
The size of cluster 12 is 82
The size of cluster 13 is 55
The size of cluster 14 is 291
The size of cluster 15 is 39
The size of cluster 16 is 14476
The size of cluster 17 is 940
The size of cluster 18 is 2
The size of cluster 19 is 22
The size of cluster 20 is 9
The inertia is 28248086.1321






The cluster centers for K=22
[[    0.051     1.631    38.71  ...,     0.116     0.171    19.31 ]
 [    0.025     0.123     4.296 ...,     0.074     0.025    13.877]
 [    0.        0.429    19.143 ...,    -0.       -0.       14.   ]
 ..., 
 [    0.        0.     2351.    ...,     0.        0.        0.   ]
 [    0.        0.        0.5   ...,     0.        0.        0.5  ]
 [    0.115     1.361     1.239 ...,     0.016     0.017     0.764]]
The size of cluster 0 is 922
The size of cluster 1 is 81
The size of cluster 2 is 7
The size of cluster 3 is 4
The size of cluster 4 is 39
The size of cluster 5 is 3155
The size of cluster 6 is 8
The size of cluster 7 is 82
The size of cluster 8 is 89
The size of cluster 9 is 55
The size of cluster 10 is 22
The size of cluster 11 is 264102
The size of cluster 12 is 4
The size of cluster 13 is 21
The size of cluster 14 is 13458
The size of cluster 15 is 288
The size of cluster 16 is 1
The size of cluster 17 is 118
The size of cluster 18 is 1
The size of cluster 19 is 2
The size of cluster 20 is 2
The size of cluster 21 is 1255
The inertia is 27266018.2447






The cluster centers for K=23
[[    0.161     3.004     1.673 ...,     0.036     0.03      2.237]
 [    0.062     1.521    61.685 ...,     0.027     0.055    88.733]
 [    0.        0.     2061.333 ...,     0.        0.        9.333]
 ..., 
 [    0.        3.375   299.625 ...,    -0.       -0.      320.875]
 [    0.25      0.375    11.417 ...,     0.       -0.       26.25 ]
 [    0.118     1.465     5.339 ...,     0.        0.008     6.866]]
The size of cluster 0 is 3049
The size of cluster 1 is 146
The size of cluster 2 is 3
The size of cluster 3 is 7
The size of cluster 4 is 259662
The size of cluster 5 is 4
The size of cluster 6 is 215
The size of cluster 7 is 8
The size of cluster 8 is 17
The size of cluster 9 is 1
The size of cluster 10 is 283
The size of cluster 11 is 16400
The size of cluster 12 is 36
The size of cluster 13 is 1
The size of cluster 14 is 954
The size of cluster 15 is 39
The size of cluster 16 is 2
The size of cluster 17 is 81
The size of cluster 18 is 86
The size of cluster 19 is 2563
The size of cluster 20 is 8
The size of cluster 21 is 24
The size of cluster 22 is 127
The inertia is 26590082.549




