[ 0.087  1.211  0.868  0.     0.02   0.45   0.138  0.173  0.262  1.135
  0.008  0.     0.008  0.032  0.033  0.     0.     0.     0.174  0.316
  0.001  0.153  0.847  0.     0.02   1.291  0.254  0.293  0.514  0.005
  0.113  0.688  0.762  0.009  0.045  0.986  0.     0.024  0.002  0.     0.002
  0.     0.067  2.392  9.681  0.091  0.1    0.193  0.869  3.91   0.148
  1.346  0.     0.001  0.002  0.025  0.     0.001  0.026  0.138  0.     0.672
  0.006  0.037  0.05   1.346]The cluster centers for K=5
[[   0.049    0.831    0.452    0.       0.017    0.262    0.104    0.149
     0.184    0.584    0.007    0.       0.006    0.033    0.033    0.
     0.       0.       0.148    0.279    0.001    0.117    0.59     0.
     0.014    0.593    0.217    0.252    0.289    0.002    0.063    0.373
     0.368    0.005    0.03     0.429    0.       0.016    0.002    0.
     0.002    0.       0.044    1.438    3.445    0.046    0.066    0.119
     0.533    2.22     0.081    0.75     0.       0.001    0.       0.001
     0.       0.001    0.001    0.105    0.       0.434    0.005    0.029
     0.042    0.755]
 [   0.265    4.495    4.552   -0.       0.065    1.633    0.289    0.413
     0.615    5.167    0.019    0.001    0.032    0.024    0.025    0.
     0.      -0.       0.428    0.509    0.003    0.343    1.707   -0.
     0.07     6.921    0.644    0.682    1.841    0.008    0.602    3.361
     3.883    0.059    0.212    5.193   -0.       0.1      0.01     0.
     0.012   -0.       0.34     9.02    54.315    0.358    0.482    1.126
     4.875   24.296    0.551    5.966   -0.       0.003    0.003    0.008
    -0.       0.002    0.011    0.29     0.       3.257    0.015    0.125
     0.158    5.904]
 [   0.66    32.186   61.588   -0.       0.01     9.381   13.794    3.763
     5.155   58.165    0.021    0.       0.       0.062    0.052   -0.
     0.       0.       4.402   13.351    0.      13.732    6.928   -0.
     0.041   32.423    4.206    8.052   11.814    1.381    1.99    22.278
    32.639    0.041    0.649   55.907    0.       0.928   -0.       0.
     0.      -0.       0.299   85.876  593.784    2.67     0.763    1.299
     6.289   36.711    4.845   55.866    0.       0.       1.495    1.588
     0.       0.       1.99    13.608    0.01     7.01    -0.       0.082
     0.082   59.351]
 [  66.812  138.687    0.      -0.       0.     174.625    0.      -0.
   106.781    0.       0.      -0.       0.      -0.       0.      -0.
     0.      -0.      -0.      -0.      -0.      -0.     484.969   -0.
     3.094  111.156    0.       0.     235.531   -0.       0.       0.
     3.438   -0.       0.       9.406   -0.       2.5     -0.      -0.
    -0.      -0.       0.031  615.469   73.719   40.313   -0.       0.
     0.       0.      68.062  247.5     -0.       0.       0.      66.531
    -0.       0.      66.281    0.       0.      -0.       0.      -0.
     0.       0.   ]
 [   0.24     6.55     8.147   -0.       0.034    3.076    0.768    0.441
     1.041   17.167    0.023    0.001    0.018    0.016    0.004   -0.
     0.002    0.       0.486    0.994    0.03     0.84     2.177   -0.
     0.119   19.285    0.736    0.765    3.329    0.087    1.228    8.818
    11.686    0.048    0.277   16.496    0.       0.118    0.005    0.
     0.011   -0.       0.351   16.643  199.517    0.846    0.665    0.801
     5.025   22.997    0.861   11.26    -0.       0.005    0.007    0.008
     0.       0.005    0.013    0.762    0.002    4.67     0.012    0.16
     0.104   17.659]]
The size of cluster 0 is 89301
The size of cluster 1 is 6148
The size of cluster 2 is 97
The size of cluster 3 is 32
The size of cluster 4 is 1178
The inertia is 112466313.721




