[ 0.087  1.211  0.868  0.     0.02   0.45   0.138  0.173  0.262  1.135
  0.008  0.     0.008  0.032  0.033  0.     0.     0.     0.174  0.316
  0.001  0.153  0.847  0.     0.02   1.291  0.254  0.293  0.514  0.005
  0.113  0.688  0.762  0.009  0.045  0.986  0.     0.024  0.002  0.     0.002
  0.     0.067  2.392  9.681  0.091  0.1    0.193  0.869  3.91   0.148
  1.346  0.     0.001  0.002  0.025  0.     0.001  0.026  0.138  0.     0.672
  0.006  0.037  0.05   1.346]The cluster centers for K=5
[[  -6.68     0.092    0.827    0.032   -0.165]
 [ 597.869  -47.966   44.59    16.153  -13.264]
 [ 192.61   -26.172    3.307   -7.164    1.755]
 [ 252.36   845.229  170.148  -74.602   19.036]
 [  49.109    0.041  -14.244    1.027    2.168]]
The size of cluster 0 is 89301
The size of cluster 1 is 100
The size of cluster 2 is 1175
The size of cluster 3 is 32
The size of cluster 4 is 6148
The inertia is 84888477.8992




