[ 0.087  1.211  0.868  0.     0.02   0.45   0.138  0.173  0.262  1.135
  0.008  0.     0.008  0.032  0.033  0.     0.     0.     0.174  0.316
  0.001  0.153  0.847  0.     0.02   1.291  0.254  0.293  0.514  0.005
  0.113  0.688  0.762  0.009  0.045  0.986  0.     0.024  0.002  0.     0.002
  0.     0.067  2.392  9.681  0.091  0.1    0.193  0.869  3.91   0.148
  1.346  0.     0.001  0.002  0.025  0.     0.001  0.026  0.138  0.     0.672
  0.006  0.037  0.05   1.346]The cluster centers for K=2
[[   0.064    1.044    0.681    0.       0.02     0.337    0.116    0.164
     0.209    0.834    0.008    0.       0.008    0.033    0.033    0.
     0.       0.       0.164    0.294    0.001    0.131    0.669    0.
     0.018    0.939    0.241    0.276    0.376    0.002    0.092    0.539
     0.559    0.007    0.039    0.685    0.       0.021    0.002    0.
     0.002    0.       0.061    1.847    6.178    0.059    0.089    0.179
     0.788    3.511    0.111    1.028    0.       0.001    0.001    0.004
     0.       0.001    0.004    0.117    0.       0.601    0.006    0.035
     0.048    1.037]
 [   1.314    9.999   10.688    0.       0.031    6.437    1.287    0.663
     3.07    16.967    0.02     0.001    0.025    0.019    0.012    0.
     0.001    0.       0.687    1.47     0.019    1.335   10.236    0.
     0.116   19.877    0.966    1.223    7.803    0.141    1.194    8.529
    11.473    0.103    0.367   16.857    0.       0.168    0.003    0.
     0.01     0.       0.363   31.148  194.477    1.803    0.682    0.929
     5.151   24.978    2.107   18.092    0.       0.004    0.086    1.129
     0.       0.005    1.152    1.272    0.002    4.394    0.01     0.152
     0.133   17.668]]
The size of cluster 0 is 94956
The size of cluster 1 is 1800
The inertia is 171210409.426




The cluster centers for K=3
[[   0.061    1.03     0.67     0.       0.02     0.332    0.116    0.164
     0.206    0.822    0.008    0.       0.008    0.033    0.033    0.
     0.       0.       0.164    0.294    0.001    0.131    0.649    0.
     0.017    0.915    0.241    0.277    0.369    0.002    0.092    0.53
     0.549    0.007    0.039    0.674    0.       0.02     0.002    0.
     0.002    0.       0.061    1.831    5.999    0.059    0.089    0.178
     0.785    3.485    0.106    1.019    0.       0.001    0.001    0.001
     0.       0.001    0.002    0.117    0.       0.593    0.006    0.035
     0.048    1.023]
 [   0.268    7.139    8.802    0.       0.032    2.925    0.581    0.512
     1.039   15.958    0.019    0.001    0.027    0.017    0.011    0.
     0.002    0.       0.557    0.777    0.018    0.637    2.294    0.
     0.11    17.47     0.819    0.86     3.183    0.068    1.057    8.221
    10.906    0.11     0.328   15.617    0.       0.135    0.003    0.
     0.009    0.       0.356   17.209  184.609    0.776    0.658    0.918
     4.905   24.228    0.954   11.037    0.       0.004    0.015    0.019
     0.       0.005    0.022    0.565    0.002    4.335    0.011    0.151
     0.149   16.641]
 [  51.381  135.286   79.929   -0.       0.     153.952   28.262    4.024
    92.071   20.857   -0.      -0.      -0.       0.048    0.024   -0.
    -0.      -0.       5.119   27.452   -0.      28.071  381.167   -0.
     2.405   99.667    4.214   12.119  205.667    2.905    3.357    8.214
    12.833    0.       1.      28.69    -0.       3.548   -0.      -0.
    -0.      -0.       0.024  583.     217.095   41.31     0.071    0.714
     5.048   22.357   57.429  290.071   -0.      -0.       3.      53.81
    -0.       0.      54.571   28.357    0.       8.643    0.      -0.
     0.048   23.19 ]]
The size of cluster 0 is 94769
The size of cluster 1 is 1945
The size of cluster 2 is 42
The inertia is 144189200.116




The cluster centers for K=4
[[   0.053    0.895    0.522    0.       0.018    0.283    0.107    0.155
     0.191    0.649    0.007    0.       0.007    0.033    0.033    0.
     0.       0.       0.154    0.283    0.001    0.12     0.607    0.
     0.014    0.676    0.225    0.262    0.314    0.002    0.071    0.418
     0.414    0.006    0.033    0.494    0.       0.017    0.002    0.
     0.002    0.       0.051    1.565    4.073    0.049    0.073    0.143
     0.634    2.713    0.089    0.833    0.       0.001    0.       0.001
     0.       0.001    0.001    0.108    0.       0.484    0.005    0.031
     0.044    0.833]
 [   0.279    9.03    12.783   -0.       0.022    3.523    0.768    0.757
     1.24    25.843    0.028    0.001    0.013    0.015    0.009   -0.
     0.       0.       0.928    0.961    0.052    0.745    2.747   -0.
     0.184   23.13     1.172    1.468    3.91     0.115    0.84    11.882
    16.04     0.067    0.301   23.223    0.       0.148    0.004    0.
     0.009   -0.       0.379   23.615  292.718    0.628    0.729    0.958
     5.466   28.343    1.238   13.781    0.       0.003    0.115    0.124
     0.       0.007    0.093    0.693    0.004    4.442    0.013    0.121
     0.081   26.217]
 [  52.634  137.195   62.756   -0.       0.     157.122   22.195    3.854
    94.073   16.805   -0.      -0.      -0.       0.049    0.024   -0.
    -0.      -0.       3.927   22.293   -0.      22.512  389.878   -0.
     2.463  100.732    2.78     8.341  209.78     2.976    3.439    8.415
    13.146    0.       1.      29.39    -0.       3.634   -0.      -0.
    -0.      -0.       0.024  587.39   213.78    42.317    0.073    0.732
     5.171   22.902   57.902  295.512   -0.      -0.       1.854   53.854
    -0.       0.      55.171   22.512    0.       7.049    0.      -0.
     0.049   18.293]
 [   0.278    5.129    5.449   -0.       0.067    1.923    0.457    0.414
     0.7      7.044    0.018    0.       0.029    0.02     0.019    0.
     0.001   -0.       0.426    0.674    0.004    0.529    1.865   -0.
     0.082    9.434    0.673    0.68     2.14     0.016    0.809    4.355
     5.337    0.061    0.239    7.265   -0.       0.112    0.008   -0.
     0.012   -0.       0.332   10.526   78.05     0.473    0.546    1.06
     4.831   23.923    0.639    7.099   -0.       0.003    0.003    0.01
    -0.       0.002    0.014    0.461    0.       3.78     0.015    0.137
     0.161    7.765]]
The size of cluster 0 is 91434
The size of cluster 1 is 667
The size of cluster 2 is 41
The size of cluster 3 is 4614
The inertia is 124514512.455




The cluster centers for K=5
[[   0.048    0.83     0.442    0.       0.017    0.262    0.104    0.149
     0.184    0.584    0.007    0.       0.006    0.033    0.033    0.
     0.       0.       0.148    0.279    0.001    0.117    0.589    0.
     0.013    0.592    0.217    0.252    0.289    0.002    0.063    0.373
     0.367    0.005    0.03     0.429    0.       0.016    0.002    0.
     0.002    0.       0.044    1.437    3.443    0.046    0.066    0.119
     0.533    2.22     0.081    0.749    0.       0.001    0.       0.001
     0.       0.001    0.001    0.105    0.       0.434    0.005    0.029
     0.042    0.754]
 [   0.24     6.55     8.147   -0.       0.034    3.076    0.768    0.441
     1.041   17.167    0.023    0.001    0.018    0.016    0.004   -0.
     0.002    0.       0.486    0.994    0.03     0.84     2.177   -0.
     0.119   19.285    0.736    0.765    3.329    0.087    1.228    8.818
    11.686    0.048    0.277   16.496    0.       0.118    0.005    0.
     0.011   -0.       0.351   16.643  199.517    0.846    0.665    0.801
     5.025   22.997    0.861   11.26    -0.       0.005    0.007    0.008
     0.       0.005    0.013    0.762    0.002    4.67     0.012    0.16
     0.104   17.659]
 [   0.66    32.186   61.588   -0.       0.01     9.381   13.794    3.763
     5.155   58.165    0.021    0.       0.       0.062    0.052   -0.
     0.       0.       4.402   13.351    0.      13.732    6.928   -0.
     0.041   32.423    4.206    8.052   11.814    1.381    1.99    22.278
    32.639    0.041    0.649   55.907    0.       0.928   -0.       0.
     0.      -0.       0.299   85.876  593.784    2.67     0.763    1.299
     6.289   36.711    4.845   55.866    0.       0.       1.495    1.588
     0.       0.       1.99    13.608    0.01     7.01    -0.       0.082
     0.082   59.351]
 [   0.269    4.512    4.696   -0.       0.065    1.633    0.289    0.413
     0.615    5.164    0.019    0.001    0.032    0.024    0.025    0.
     0.      -0.       0.428    0.509    0.003    0.343    1.719   -0.
     0.073    6.92     0.645    0.686    1.844    0.008    0.601    3.359
     3.883    0.059    0.212    5.192   -0.       0.1      0.01     0.
     0.012   -0.       0.34     9.015   54.263    0.357    0.481    1.125
     4.873   24.269    0.55     5.961   -0.       0.003    0.003    0.008
    -0.       0.002    0.011    0.289    0.       3.252    0.015    0.125
     0.158    5.902]
 [  66.812  138.687    0.      -0.       0.     174.625    0.      -0.
   106.781    0.       0.      -0.       0.      -0.       0.      -0.
     0.      -0.      -0.      -0.      -0.      -0.     484.969   -0.
     3.094  111.156    0.       0.     235.531   -0.       0.       0.
     3.438   -0.       0.       9.406   -0.       2.5     -0.      -0.
    -0.      -0.       0.031  615.469   73.719   40.313   -0.       0.
     0.       0.      68.062  247.5     -0.       0.       0.      66.531
    -0.       0.      66.281    0.       0.      -0.       0.      -0.
     0.       0.   ]]
The size of cluster 0 is 89293
The size of cluster 1 is 1178
The size of cluster 2 is 97
The size of cluster 3 is 6156
The size of cluster 4 is 32
The inertia is 112466378.016




The cluster centers for K=6
[[   0.052    0.883    0.509    0.       0.018    0.279    0.106    0.154
     0.19     0.633    0.007    0.       0.007    0.033    0.033    0.
     0.       0.       0.152    0.283    0.001    0.119    0.605    0.
     0.014    0.646    0.223    0.26     0.31     0.002    0.068    0.407
     0.403    0.006    0.032    0.479    0.       0.017    0.002    0.
     0.002    0.       0.049    1.542    3.899    0.049    0.071    0.135
     0.614    2.538    0.088    0.82     0.       0.001    0.       0.001
     0.       0.001    0.001    0.107    0.       0.474    0.005    0.031
     0.043    0.812]
 [   0.466    4.723    2.387   -0.       0.103    2.953    0.373    0.515
     0.771    4.033    0.033    0.002    0.01     0.014    0.01    -0.
     0.      -0.       0.66     0.501    0.       0.422    2.045   -0.
     0.103    9.841    0.899    0.824    3.215    0.003    1.223    2.171
     3.246    0.052    0.326    4.85    -0.       0.162   -0.      -0.
     0.028   -0.       1.471   15.777   40.26     0.393    0.808    5.637
    22.03   148.511    0.97    13.895    0.       0.002    0.002   -0.
    -0.       0.002    0.044    0.377   -0.       0.298    0.005    0.056
     0.038    4.525]
 [   0.24     7.471    9.653   -0.       0.023    3.236    0.317    0.505
     1.116   22.997    0.027    0.001    0.012    0.013    0.008   -0.
     0.       0.       0.556    0.553    0.047    0.325    2.501   -0.
     0.165   21.964    0.843    0.964    3.598    0.107    0.895   11.235
    15.128    0.055    0.269   21.243    0.       0.135    0.004    0.
     0.007   -0.       0.285   19.12   268.356    0.784    0.637    0.819
     4.267   18.354    1.046   11.491   -0.       0.003    0.036    0.042
     0.       0.007    0.043    0.263    0.004    5.184    0.012    0.126
     0.078   23.455]
 [   0.242    4.914    5.418   -0.       0.059    1.744    0.448    0.385
     0.68     6.768    0.018    0.001    0.033    0.024    0.023    0.
     0.001   -0.       0.397    0.661    0.004    0.524    1.769   -0.
     0.074    8.754    0.623    0.643    1.941    0.016    0.706    4.272
     5.066    0.06     0.216    6.859   -0.       0.101    0.008   -0.
     0.011   -0.       0.201    9.524   75.224    0.463    0.504    0.545
     2.699   10.576    0.56     6.098   -0.       0.004    0.002    0.01
    -0.       0.002    0.008    0.452    0.       3.865    0.017    0.149
     0.183    7.549]
 [  66.812  138.687    0.      -0.       0.     174.625    0.      -0.
   106.781    0.       0.      -0.       0.      -0.       0.      -0.
     0.      -0.      -0.      -0.      -0.      -0.     484.969   -0.
     3.094  111.156    0.       0.     235.531   -0.       0.       0.
     3.438   -0.       0.       9.406   -0.       2.5     -0.      -0.
    -0.      -0.       0.031  615.469   73.719   40.313   -0.       0.
     0.       0.      68.062  247.5     -0.       0.       0.      66.531
    -0.       0.      66.281    0.       0.      -0.       0.      -0.
     0.       0.   ]
 [   1.471  114.235  268.941    0.       0.      35.      69.824   18.941
    21.824  129.059    0.      -0.       0.       0.118    0.059    0.
     0.      -0.      22.      67.824   -0.      69.353   25.       0.
     0.118   56.235   19.588   38.647   46.882    7.176    8.294   33.471
    56.824   -0.       2.471  113.471   -0.       4.059   -0.      -0.
     0.       0.       0.059  309.412  978.588   12.118    0.235    2.118
    16.647   62.294   14.706  215.941   -0.       0.       7.412    7.706
    -0.       0.      10.059   70.059    0.      21.353   -0.      -0.
     0.118  133.118]]
The size of cluster 0 is 90853
The size of cluster 1 is 573
The size of cluster 2 is 741
The size of cluster 3 is 4540
The size of cluster 4 is 32
The size of cluster 5 is 17
The inertia is 102850847.391




The cluster centers for K=7
[[    0.049     0.836     0.441     0.        0.017     0.269     0.104
      0.15      0.186     0.586     0.007     0.        0.006     0.033
      0.033     0.        0.        0.        0.149     0.28      0.001
      0.117     0.594     0.        0.014     0.597     0.218     0.254
      0.296     0.002     0.064     0.37      0.366     0.006     0.03
      0.427     0.        0.016     0.002     0.        0.002     0.
      0.047     1.462     3.451     0.047     0.067     0.132     0.589
      2.479     0.083     0.77      0.        0.001     0.        0.001
      0.        0.001     0.001     0.105     0.        0.413     0.005
      0.029     0.041     0.756]
 [    0.455    18.345    37.255    -0.        0.009     6.418     5.727
      2.282     3.082    49.945     0.018     0.        0.009     0.045
      0.045    -0.        0.        0.        2.982     5.436     0.
      5.718     5.364    -0.        0.018    30.618     3.473     5.191
      8.127     1.218     1.236    20.436    27.109     0.036     0.236
     47.773     0.        0.245    -0.        0.        0.       -0.
      0.282    64.655   548.327     2.173     0.736     1.045     5.655
     29.727     3.082    37.255    -0.        0.009     0.855     0.918
      0.        0.        0.745     5.6       0.009     4.3       0.
      0.082     0.073    50.2  ]
 [    0.249     4.634     5.131    -0.        0.06      1.534     0.313
      0.405     0.618     5.521     0.019     0.001     0.039     0.029
      0.029     0.        0.001    -0.        0.411     0.542     0.003
      0.37      1.698    -0.        0.07      7.        0.626     0.674
      1.748     0.009     0.585     3.7       4.208     0.059     0.209
      5.644    -0.        0.097     0.008     0.        0.01     -0.
      0.225     8.805    59.02      0.372     0.472     0.618     3.017
     11.631     0.516     5.602    -0.        0.003     0.003     0.009
     -0.        0.002     0.008     0.312     0.        4.028     0.018
      0.139     0.193     6.312]
 [    0.505     4.779     2.144     0.        0.115     3.147     0.084
      0.5       0.757     4.118     0.029     0.002     0.005     0.012
      0.01      0.        0.       -0.        0.635     0.147     0.
      0.118     2.24      0.        0.106    11.851     0.904     0.796
      3.411     0.002     1.517     2.353     3.685     0.062     0.361
      5.697    -0.        0.154     0.       -0.        0.036     0.
      1.524    17.805    43.017     0.397     0.94      6.002    23.839
    172.332     1.029    15.856     0.       -0.        0.002    -0.       -0.
      0.002     0.06      0.087    -0.        0.24      0.005     0.053
      0.019     4.603]
 [   66.812   138.687     0.       -0.        0.      174.625     0.       -0.
    106.781     0.        0.       -0.        0.       -0.        0.       -0.
      0.       -0.       -0.       -0.       -0.       -0.      484.969
     -0.        3.094   111.156     0.        0.      235.531    -0.        0.
      0.        3.438    -0.        0.        9.406    -0.        2.5
     -0.       -0.       -0.       -0.        0.031   615.469    73.719
     40.313    -0.        0.        0.        0.       68.062   247.5
     -0.        0.        0.       66.531    -0.        0.       66.281
      0.        0.       -0.        0.       -0.        0.        0.   ]
 [    9.      578.5     990.5       0.        0.      123.5     354.
     60.5      84.5     242.        0.        0.        0.        0.5
      0.        0.        0.        0.       52.      349.        0.
    351.5      45.        0.        1.      105.5      18.      111.5
    147.        0.       28.5      95.5     146.        0.       19.5
    146.5       0.       32.        0.        0.        0.        0.        0.
    688.     1636.       11.        1.5      11.5      59.5     313.5
     78.5     734.5       0.        0.       25.5      26.5       0.        0.
     55.5     352.        0.      103.5       0.        0.        0.      290.   ]
 [    0.207     6.438     8.358    -0.        0.028     2.907     0.826
      0.411     1.013    17.576     0.024     0.001     0.01      0.012
      0.003    -0.        0.001     0.        0.452     1.07      0.032
      0.896     2.088    -0.        0.126    19.024     0.694     0.716
      3.136     0.094     1.048     8.754    11.791     0.041     0.241
     16.361     0.        0.119     0.006     0.        0.009    -0.
      0.287    14.864   200.147     0.807     0.578     0.691     3.614
     14.96      0.837     9.35     -0.        0.005     0.007     0.008
      0.        0.006     0.011     0.822     0.002     4.497     0.012
      0.158     0.09     18.043]]
The size of cluster 0 is 89564
The size of cluster 1 is 110
The size of cluster 2 is 5553
The size of cluster 3 is 416
The size of cluster 4 is 32
The size of cluster 5 is 2
The size of cluster 6 is 1079
The inertia is 95140395.084




The cluster centers for K=8
[[    0.048     0.837     0.448     0.        0.017     0.257     0.104
      0.149     0.184     0.583     0.007     0.        0.006     0.033
      0.034     0.        0.        0.        0.147     0.281     0.001
      0.117     0.592     0.        0.013     0.584     0.217     0.252
      0.286     0.002     0.062     0.374     0.369     0.005     0.029
      0.43      0.        0.015     0.002     0.        0.002     0.
      0.039     1.437     3.48      0.046     0.065     0.098     0.457
      1.8       0.08      0.744     0.        0.001     0.        0.001
      0.        0.        0.001     0.105     0.        0.417     0.005
      0.03      0.042     0.756]
 [    0.218     4.52      5.525    -0.        0.057     1.457     0.334
      0.376     0.591     5.827     0.018     0.001     0.039     0.026
      0.026     0.        0.       -0.        0.383     0.556     0.004
      0.386     1.534    -0.        0.062     7.512     0.58      0.624
      1.641     0.009     0.57      3.904     4.422     0.065     0.199
      5.935    -0.        0.086     0.009    -0.        0.007    -0.
      0.151     8.337    63.872     0.371     0.45      0.39      1.944
      7.286     0.451     5.173    -0.        0.003     0.003     0.005
     -0.        0.002     0.005     0.335     0.        4.621     0.018
      0.145     0.194     6.647]
 [    0.227     6.836     8.457    -0.        0.037     3.086     0.768
      0.438     1.062    17.961     0.025     0.001     0.012     0.016
      0.005    -0.        0.001     0.        0.485     1.019     0.034
      0.848     2.206    -0.        0.131    19.37      0.743     0.765
      3.318     0.097     1.06      8.877    12.098     0.046     0.28
     16.857     0.        0.121     0.006     0.        0.011    -0.
      0.312    15.675   204.176     0.817     0.645     0.771     4.2
     17.392     0.89      9.939    -0.        0.005     0.008     0.008
      0.        0.006     0.014     0.763     0.002     4.367     0.012
      0.16      0.085    18.369]
 [    9.      578.5     990.5       0.        0.      123.5     354.
     60.5      84.5     242.        0.        0.        0.        0.5
      0.        0.        0.        0.       52.      349.        0.
    351.5      45.        0.        1.      105.5      18.      111.5
    147.        0.       28.5      95.5     146.        0.       19.5
    146.5       0.       32.        0.        0.        0.        0.        0.
    688.     1636.       11.        1.5      11.5      59.5     313.5
     78.5     734.5       0.        0.       25.5      26.5       0.        0.
     55.5     352.        0.      103.5       0.        0.        0.      290.   ]
 [   66.812   138.687     0.       -0.        0.      174.625     0.       -0.
    106.781     0.        0.       -0.        0.       -0.        0.       -0.
      0.       -0.       -0.       -0.       -0.       -0.      484.969
     -0.        3.094   111.156     0.        0.      235.531    -0.        0.
      0.        3.438    -0.        0.        9.406    -0.        2.5
     -0.       -0.       -0.       -0.        0.031   615.469    73.719
     40.313    -0.        0.        0.        0.       68.062   247.5
     -0.        0.        0.       66.531    -0.        0.       66.281
      0.        0.       -0.        0.       -0.        0.        0.   ]
 [    0.466    19.427    39.786    -0.        0.01      6.495     6.117
      2.379     3.252    51.369     0.019     0.        0.        0.049
      0.049    -0.        0.        0.        3.136     5.796     0.
      6.107     5.66     -0.        0.019    30.806     3.631     5.417
      8.272     1.301     0.816    21.107    27.34      0.039     0.243
     47.01      0.        0.262    -0.        0.        0.       -0.
      0.301    64.981   559.01      2.311     0.689     1.019     4.748
     20.602     3.087    34.932    -0.        0.01      0.913     0.981
      0.        0.        0.796     5.981     0.01      4.553    -0.
      0.078     0.068    51.087]
 [    0.294     2.836     1.324     0.        0.067     1.726     0.17
      0.397     0.531     2.362     0.022     0.        0.011     0.01
      0.008     0.        0.001     0.        0.432     0.303     0.001
      0.209     1.634     0.        0.078     3.59      0.606     0.64
      1.847     0.002     0.511     1.273     1.604     0.03      0.185
      2.155     0.        0.107     0.011     0.        0.025     0.
      0.813     7.941    18.331     0.232     0.415     2.988    12.146
     61.192     0.641     6.103     0.        0.001     0.003     0.015
      0.        0.002     0.02      0.17      0.        0.354     0.008
      0.04      0.048     2.713]
 [    0.674     6.652     0.955    -0.        0.022     4.584     0.
      0.685     0.775     7.685     0.022     0.        0.       -0.        0.
     -0.        0.        0.        0.652     0.022     0.        0.022
      2.472    -0.        0.09     27.281     1.18      1.067     5.281
      0.011     3.573     4.652     7.955     0.112     0.225    14.596
      0.        0.146    -0.        0.        0.011    -0.        1.449
     35.213    87.528     0.82      1.573     7.708    34.292   343.978
      1.135    34.629     0.        0.        0.       -0.        0.        0.
      0.056    -0.        0.        0.191    -0.        0.079     0.022
      8.09 ]]
The size of cluster 0 is 88542
The size of cluster 1 is 4779
The size of cluster 2 is 1041
The size of cluster 3 is 2
The size of cluster 4 is 32
The size of cluster 5 is 103
The size of cluster 6 is 2168
The size of cluster 7 is 89
The inertia is 89296266.4547




The cluster centers for K=9
[[    0.048     0.84      0.475     0.        0.017     0.257     0.104
      0.149     0.184     0.582     0.007     0.        0.006     0.033
      0.034     0.        0.        0.        0.147     0.281     0.001
      0.117     0.592     0.        0.013     0.588     0.217     0.253
      0.286     0.002     0.063     0.378     0.372     0.005     0.03
      0.435     0.        0.015     0.002     0.        0.002     0.
      0.039     1.44      3.51      0.046     0.065     0.098     0.457
      1.801     0.08      0.746     0.        0.001     0.        0.001
      0.        0.        0.001     0.105     0.        0.365     0.005
      0.03      0.042     0.755]
 [    0.231     6.808     8.083    -0.        0.038     3.129     0.791
      0.439     1.073    18.074     0.022     0.001     0.012     0.017
      0.005    -0.        0.001     0.        0.491     1.048     0.035
      0.873     2.224    -0.        0.134    19.416     0.74      0.762
      3.363     0.1       1.041     8.923    12.093     0.047     0.281
     16.916     0.        0.118     0.006     0.        0.011    -0.
      0.315    15.888   207.216     0.832     0.652     0.788     4.236
     17.653     0.894    10.055    -0.        0.006     0.008     0.008
      0.        0.006     0.015     0.785     0.002     2.003     0.011
      0.147     0.086    18.361]
 [   66.812   138.687     0.       -0.        0.      174.625     0.       -0.
    106.781     0.        0.       -0.        0.       -0.        0.       -0.
      0.       -0.       -0.       -0.       -0.       -0.      484.969
     -0.        3.094   111.156     0.        0.      235.531    -0.        0.
      0.        3.438    -0.        0.        9.406    -0.        2.5
     -0.       -0.       -0.       -0.        0.031   615.469    73.719
     40.313    -0.        0.        0.        0.       68.062   247.5
     -0.        0.        0.       66.531    -0.        0.       66.281
      0.        0.       -0.        0.       -0.        0.        0.   ]
 [    0.674     6.652     0.955    -0.        0.022     4.584     0.
      0.685     0.775     7.685     0.022     0.        0.       -0.        0.
     -0.        0.        0.        0.652     0.022     0.        0.022
      2.472    -0.        0.09     27.281     1.18      1.067     5.281
      0.011     3.573     4.652     7.955     0.112     0.225    14.596
      0.        0.146    -0.        0.        0.011    -0.        1.449
     35.213    87.528     0.82      1.573     7.708    34.292   343.978
      1.135    34.629     0.        0.        0.       -0.        0.        0.
      0.056    -0.        0.        0.191    -0.        0.079     0.022
      8.09 ]
 [    9.      578.5     990.5       0.        0.      123.5     354.
     60.5      84.5     242.        0.        0.        0.        0.5
      0.        0.        0.        0.       52.      349.        0.
    351.5      45.        0.        1.      105.5      18.      111.5
    147.        0.       28.5      95.5     146.        0.       19.5
    146.5       0.       32.        0.        0.        0.        0.        0.
    688.     1636.       11.        1.5      11.5      59.5     313.5
     78.5     734.5       0.        0.       25.5      26.5       0.        0.
     55.5     352.        0.      103.5       0.        0.        0.      290.   ]
 [    0.218     4.572     4.788    -0.        0.058     1.482     0.332
      0.373     0.603     5.863     0.019     0.001     0.033     0.026
      0.027     0.        0.       -0.        0.385     0.554     0.004
      0.385     1.546    -0.        0.061     7.629     0.584     0.622
      1.668     0.009     0.585     3.89      4.441     0.067     0.202
      5.95     -0.        0.09      0.01     -0.        0.008    -0.
      0.154     8.454    65.066     0.379     0.453     0.395     1.993
      7.419     0.462     5.266    -0.        0.003     0.003     0.005
     -0.        0.002     0.005     0.334     0.        2.191     0.016
      0.138     0.166     6.637]
 [    0.474    20.268    41.897    -0.        0.01      6.845     6.495
      2.515     3.423    54.041     0.021     0.        0.        0.052
      0.052    -0.        0.        0.        3.32      6.155     0.
      6.485     5.99     -0.        0.021    31.258     3.845     5.753
      8.763     1.381     0.866    21.289    28.773     0.041     0.247
     49.526     0.        0.278    -0.        0.        0.       -0.
      0.32     68.763   568.649     2.443     0.732     1.062     5.
     21.495     3.247    36.959     0.        0.        0.969     1.041
      0.        0.        0.845     6.351     0.01      4.835    -0.
      0.082     0.072    53.66 ]
 [    0.295     2.826     1.618     0.        0.067     1.724     0.17
      0.397     0.526     2.353     0.022     0.        0.011     0.01
      0.008     0.        0.001     0.        0.434     0.304     0.001
      0.209     1.619     0.        0.078     3.607     0.607     0.64
      1.844     0.002     0.512     1.272     1.606     0.03      0.186
      2.162     0.        0.107     0.011     0.        0.024     0.
      0.814     7.932    18.257     0.234     0.417     2.983    12.092
     61.071     0.64      6.098     0.        0.001     0.003     0.015
      0.        0.002     0.02      0.17      0.        0.352     0.008
      0.039     0.048     2.706]
 [    0.        2.917    27.45     -0.        0.017     0.283    -0.
      0.317     0.217    16.533    -0.       -0.        0.367     0.017
      0.       -0.       -0.       -0.        0.25      0.1      -0.
      0.083     1.       -0.       -0.        6.283     0.45      0.517
      0.383    -0.       -0.        7.033     6.817     0.        0.
      8.367    -0.        0.       -0.       -0.       -0.       -0.        0.
      1.55     54.7       0.       -0.        0.017     0.083     1.083
      0.017     0.117     0.       -0.        0.       -0.       -0.        0.
     -0.        0.        0.      315.033     0.2       0.883     2.017
     21.967]]
The size of cluster 0 is 88610
The size of cluster 1 is 1012
The size of cluster 2 is 32
The size of cluster 3 is 89
The size of cluster 4 is 2
The size of cluster 5 is 4680
The size of cluster 6 is 97
The size of cluster 7 is 2174
The size of cluster 8 is 60
The inertia is 83614080.0028




The cluster centers for K=10
[[    0.048     0.833     0.445     0.        0.017     0.257     0.104
      0.149     0.184     0.574     0.007     0.        0.006     0.033
      0.034     0.        0.        0.        0.147     0.281     0.001
      0.116     0.592     0.        0.013     0.58      0.217     0.252
      0.285     0.002     0.062     0.371     0.366     0.005     0.029
      0.427     0.        0.015     0.002     0.        0.002     0.
      0.04      1.436     3.449     0.046     0.065     0.099     0.46
      1.826     0.08      0.743     0.        0.001     0.        0.001
      0.        0.        0.001     0.105     0.        0.36      0.005
      0.03      0.042     0.747]
 [    0.461    17.931    21.853    -0.        0.01      4.265     0.02
      1.775     2.108    49.245     0.02      0.        0.01      0.049
      0.049    -0.        0.        0.        1.971     0.186     0.
      0.137     3.686    -0.        0.02     30.529     2.304     2.059
      5.137     0.118     0.824    20.245    26.912     0.039     0.225
     44.735     0.        0.255    -0.        0.        0.       -0.
      0.304    39.059   555.461     1.137     0.794     1.02      4.343
     19.569     1.637    17.98     -0.        0.01      0.        0.        0.
      0.       -0.        0.02      0.01      2.529    -0.        0.078
      0.049    48.902]
 [    9.      578.5     990.5       0.        0.      123.5     354.
     60.5      84.5     242.        0.        0.        0.        0.5
      0.        0.        0.        0.       52.      349.        0.
    351.5      45.        0.        1.      105.5      18.      111.5
    147.        0.       28.5      95.5     146.        0.       19.5
    146.5       0.       32.        0.        0.        0.        0.        0.
    688.     1636.       11.        1.5      11.5      59.5     313.5
     78.5     734.5       0.        0.       25.5      26.5       0.        0.
     55.5     352.        0.      103.5       0.        0.        0.      290.   ]
 [    0.218     4.494     5.272    -0.        0.057     1.334     0.352
      0.358     0.529     5.738     0.019     0.001     0.033     0.028
      0.029     0.        0.       -0.        0.384     0.579     0.004
      0.405     1.331    -0.        0.061     7.324     0.572     0.607
      1.521     0.01      0.573     3.847     4.348     0.065     0.196
      5.819    -0.        0.087     0.009    -0.        0.007    -0.
      0.154     7.91     62.783     0.31      0.45      0.395     1.959
      7.326     0.453     5.018    -0.        0.003     0.003     0.005
     -0.        0.002     0.005     0.352     0.        2.203     0.016
      0.137     0.167     6.489]
 [    0.238     6.984     8.555    -0.        0.037     2.258     0.912
      0.459     0.651    17.808     0.025     0.001     0.011     0.016
      0.005    -0.        0.001     0.        0.507     1.139     0.034
      0.982     1.556    -0.        0.131    18.8       0.747     0.849
      2.496     0.097     1.093     8.856    12.081     0.047     0.28
     16.868     0.        0.121     0.006     0.        0.011    -0.
      0.329    14.073   202.085     0.397     0.649     0.786     4.221
     17.641     0.867     8.709    -0.        0.005     0.026     0.03
      0.        0.006     0.036     0.885     0.002     2.088     0.012
      0.153     0.092    18.183]
 [    0.571     6.381     1.012    -0.        0.024     4.69      0.
      0.702     0.81      7.75      0.024     0.        0.       -0.        0.
     -0.        0.        0.        0.679     0.024     0.        0.024
      2.536    -0.        0.095    27.952     1.226     1.083     5.417
      0.012     3.762     4.798     8.131     0.119     0.214    15.19
      0.        0.155    -0.        0.        0.012    -0.        1.321
     36.238    87.571     0.845     1.488     7.69     35.238   352.548
      1.202    35.988     0.       -0.        0.       -0.        0.        0.
      0.06     -0.        0.        0.202    -0.        0.083     0.024
      8.024]
 [    0.298     2.933     1.353     0.        0.067     1.773     0.134
      0.399     0.539     2.433     0.022     0.        0.011     0.01
      0.008     0.        0.001     0.        0.439     0.268     0.001
      0.172     1.663     0.        0.08      3.713     0.614     0.643
      1.889     0.        0.513     1.26      1.619     0.032     0.196
      2.174     0.        0.107     0.012     0.        0.026     0.
      0.827     8.113    18.754     0.235     0.421     3.064    12.499
     63.051     0.644     6.178     0.        0.001     0.003     0.015
      0.        0.002     0.021     0.134     0.        0.357     0.005
      0.041     0.047     2.79 ]
 [    0.        2.917    27.45     -0.        0.017     0.283    -0.
      0.317     0.217    16.533    -0.       -0.        0.367     0.017
      0.       -0.       -0.       -0.        0.25      0.1      -0.
      0.083     1.       -0.       -0.        6.283     0.45      0.517
      0.383    -0.       -0.        7.033     6.817     0.        0.
      8.367    -0.        0.       -0.       -0.       -0.       -0.        0.
      1.55     54.7       0.       -0.        0.017     0.083     1.083
      0.017     0.117     0.       -0.        0.       -0.       -0.        0.
     -0.        0.        0.      315.033     0.2       0.883     2.017
     21.967]
 [  146.6     257.        0.        0.       -0.      210.1       0.       -0.
    143.        0.        0.       -0.        0.       -0.       -0.        0.
      0.       -0.        0.       -0.       -0.        0.      843.8
      0.       -0.      145.3       0.        0.      348.        0.        0.
      0.        0.        0.       -0.       24.7      -0.        0.       -0.
     -0.        0.        0.        0.1     974.1      -0.        0.        0.
      0.        0.       -0.      141.      277.4       0.        0.        0.
    142.7      -0.        0.      143.4       0.        0.        0.        0.
      0.        0.       -0.   ]
 [   15.721    46.558    32.233    -0.        0.      120.907    11.14
      3.       65.884     9.372    -0.       -0.       -0.        0.        0.
     -0.       -0.       -0.        2.372    10.535    -0.       11.07
    207.279    -0.        2.302    76.674     4.372     8.302   136.442
      2.837     0.        3.535     5.395     0.        0.07     11.023
     -0.        1.884    -0.       -0.       -0.       -0.        0.
    381.744   167.814    50.163    -0.        0.093     2.326     5.419
     22.023   213.86     -0.       -0.        1.744    18.14     -0.        0.
     17.372    11.326     0.        3.767     0.       -0.        0.047
      9.419]]
The size of cluster 0 is 88498
The size of cluster 1 is 102
The size of cluster 2 is 2
The size of cluster 3 is 4849
The size of cluster 4 is 1041
The size of cluster 5 is 84
The size of cluster 6 is 2067
The size of cluster 7 is 60
The size of cluster 8 is 10
The size of cluster 9 is 43
The inertia is 78068795.3909




The cluster centers for K=11
[[    0.046     0.808     0.41      0.        0.017     0.251     0.104
      0.147     0.182     0.546     0.007     0.        0.006     0.033
      0.034     0.        0.        0.        0.145     0.28      0.001
      0.115     0.585     0.        0.013     0.554     0.214     0.249
      0.277     0.002     0.06      0.352     0.346     0.005     0.028
      0.4       0.        0.015     0.001     0.        0.001     0.
      0.039     1.396     3.195     0.044     0.063     0.099     0.457
      1.823     0.078     0.716     0.        0.001     0.        0.001
      0.        0.        0.001     0.104     0.        0.346     0.005
      0.028     0.039     0.713]
 [    0.351    14.841    16.062     0.        0.005     4.62      0.726
      1.313     2.26     32.163     0.053     0.        0.019     0.029
      0.029     0.       -0.        0.        1.567     0.822    -0.
      0.736     4.587     0.        0.404    26.279     1.779     2.572
      5.226     0.351     0.168    15.913    19.389     0.058     0.37
     28.687     0.        0.183     0.        0.       -0.        0.
      0.51     31.178   407.596     0.567     0.649     1.019     4.808
     22.76      1.817    15.471     0.        0.005     0.091     0.111
      0.        0.        0.106     0.62      0.014     2.668     0.
      0.13      0.067    32.543]
 [    0.      163.333  1046.667     0.        0.       44.667   395.667
     49.667    61.      220.        0.        0.        0.        0.        0.
      0.        0.        0.       60.333   381.667     0.      393.
     42.333     0.        0.       94.667    46.667   153.       49.333
      0.        0.        0.333     0.        0.       14.       14.667
      0.        0.        0.        0.        0.        0.        0.      537.
    589.        0.        0.        0.        0.        0.       28.      127.
     -0.        0.       42.       43.667     0.        0.       57.      397.
      0.      121.       -0.        0.        0.667   242.333]
 [    0.22      5.858     7.6      -0.        0.042     2.168     0.754
      0.38      0.606    15.303     0.017     0.001     0.012     0.016
      0.004    -0.        0.002     0.        0.396     0.981     0.028
      0.822     1.402    -0.        0.053    17.349     0.646     0.568
      2.322     0.035     1.152     7.772    10.543     0.084     0.3
     14.761     0.        0.115     0.005     0.        0.012    -0.
      0.271    12.626   171.338     0.504     0.644     0.699     3.726
     15.318     0.776     7.911    -0.        0.005     0.006     0.007
      0.        0.005     0.012     0.747    -0.        1.981     0.01
      0.134     0.111    15.884]
 [    2.5      82.3      39.4       0.       -0.       31.        0.
      2.2       3.4     127.8       0.       -0.        0.        0.2
      0.1       0.        0.       -0.        3.5       0.8      -0.        0.
      5.9       0.        0.2      42.1       4.        5.2      49.4
      0.       14.1      42.2      77.5       0.       -0.      146.5
     -0.        6.9      -0.       -0.        0.        0.        0.1
    252.2    1237.4      20.6       0.4       3.6      28.1     105.9
     16.6     283.9       0.        0.        0.        0.       -0.        0.
     -0.        0.        0.        0.        0.        0.        0.
    129.1  ]
 [   22.118    55.324     0.       -0.        0.      138.824     0.
      2.441    78.        0.853     0.       -0.        0.        0.        0.
     -0.        0.       -0.       -0.       -0.       -0.       -0.
    261.059    -0.        2.912    86.118     0.765     2.588   158.294
      3.588     0.        4.412     6.765     0.        0.       13.941
     -0.        2.353    -0.       -0.       -0.       -0.        0.
    409.206   122.382    55.324    -0.        0.        0.        0.
     25.5     224.294    -0.        0.        0.       23.412    -0.        0.
     22.647     0.        0.       -0.        0.       -0.        0.
      1.029]
 [    0.298     2.894     1.359     0.        0.067     1.786     0.134
      0.4       0.542     2.423     0.02      0.001     0.008     0.008
      0.008     0.        0.002     0.        0.439     0.269     0.002
      0.177     1.629     0.        0.084     3.794     0.618     0.64
      1.904     0.001     0.488     1.298     1.654     0.033     0.199
      2.196     0.        0.103     0.012     0.001     0.027     0.
      0.848     8.058    18.988     0.218     0.416     3.166    12.883
     65.031     0.632     6.11      0.        0.002     0.003     0.016
      0.        0.002     0.02      0.134     0.        0.283     0.004
      0.037     0.039     2.761]
 [    0.228     4.373     5.02     -0.        0.057     1.269     0.312
      0.364     0.532     5.134     0.019     0.001     0.038     0.03
      0.033     0.        0.       -0.        0.386     0.544     0.003
      0.373     1.419    -0.        0.064     6.294     0.575     0.611
      1.472     0.009     0.516     3.452     3.86      0.049     0.178
      5.112    -0.        0.083     0.01     -0.        0.008    -0.
      0.151     7.512    54.066     0.294     0.428     0.372     1.851
      6.92      0.44      4.788    -0.        0.003     0.003     0.004
     -0.        0.002     0.004     0.315     0.001     2.167     0.018
      0.142     0.189     5.863]
 [    0.        2.917    27.45     -0.        0.017     0.283    -0.
      0.317     0.217    16.533    -0.       -0.        0.367     0.017
      0.       -0.       -0.       -0.        0.25      0.1      -0.
      0.083     1.       -0.       -0.        6.283     0.45      0.517
      0.383    -0.       -0.        7.033     6.817     0.        0.
      8.367    -0.        0.       -0.       -0.       -0.       -0.        0.
      1.55     54.7       0.       -0.        0.017     0.083     1.083
      0.017     0.117     0.       -0.        0.       -0.       -0.        0.
     -0.        0.        0.      315.033     0.2       0.883     2.017
     21.967]
 [    0.585     6.512     1.037    -0.        0.024     4.72      0.
      0.683     0.817     7.439     0.024     0.        0.        0.        0.
     -0.        0.        0.        0.671     0.024     0.        0.024
      2.585    -0.        0.098    28.134     1.232     1.073     5.439
      0.012     3.854     4.902     8.122     0.122     0.207    15.317
      0.        0.159    -0.        0.        0.012    -0.        1.305
     36.402    83.512     0.866     1.402     7.744    35.073   354.524
      1.207    36.5       0.       -0.        0.       -0.        0.        0.
      0.061    -0.        0.        0.159    -0.        0.085     0.012
      7.402]
 [  154.      285.556     0.        0.       -0.      219.444     0.       -0.
    149.222     0.        0.        0.        0.        0.       -0.        0.
      0.        0.        0.        0.        0.        0.      857.222
      0.        0.      151.444     0.        0.      362.667     0.        0.
      0.        0.        0.       -0.       27.444     0.        0.        0.
      0.        0.        0.        0.111  1015.444     0.        0.       -0.
      0.        0.       -0.      145.667   288.556     0.        0.        0.
    148.111     0.        0.      150.111     0.        0.        0.        0.
      0.        0.        0.   ]]
The size of cluster 0 is 87719
The size of cluster 1 is 208
The size of cluster 2 is 3
The size of cluster 3 is 1235
The size of cluster 4 is 10
The size of cluster 5 is 34
The size of cluster 6 is 1952
The size of cluster 7 is 5444
The size of cluster 8 is 60
The size of cluster 9 is 82
The size of cluster 10 is 9
The inertia is 73173691.732




The cluster centers for K=12
[[    0.046     0.808     0.384     0.        0.017     0.251     0.095
      0.147     0.182     0.546     0.007     0.        0.006     0.033
      0.034     0.        0.        0.        0.145     0.271     0.001
      0.106     0.585     0.        0.013     0.553     0.214     0.249
      0.277     0.002     0.06      0.352     0.346     0.005     0.028
      0.4       0.        0.015     0.001     0.        0.001     0.
      0.039     1.396     3.193     0.044     0.063     0.099     0.458
      1.823     0.078     0.716     0.        0.001     0.        0.001
      0.        0.        0.001     0.095     0.        0.346     0.005
      0.028     0.039     0.713]
 [    0.215     5.816     5.906    -0.        0.042     2.165     0.181
      0.379     0.603    15.262     0.017     0.001     0.012     0.016
      0.004    -0.        0.002     0.        0.393     0.377     0.029
      0.197     1.386    -0.        0.053    17.343     0.643     0.566
      2.322     0.034     1.159     7.795    10.486     0.083     0.3
     14.715     0.        0.116     0.005     0.        0.012    -0.
      0.262    12.613   171.407     0.507     0.643     0.688     3.694
     15.156     0.774     7.901    -0.        0.005     0.007     0.007
      0.        0.005     0.012     0.165    -0.        1.967     0.01
      0.129     0.111    15.897]
 [    2.5      82.3      39.4       0.       -0.       31.        0.
      2.2       3.4     127.8       0.       -0.        0.        0.2
      0.1       0.        0.       -0.        3.5       0.8      -0.        0.
      5.9       0.        0.2      42.1       4.        5.2      49.4
      0.       14.1      42.2      77.5       0.       -0.      146.5
     -0.        6.9      -0.       -0.        0.        0.        0.1
    252.2    1237.4      20.6       0.4       3.6      28.1     105.9
     16.6     283.9       0.        0.        0.        0.       -0.        0.
     -0.        0.        0.        0.        0.        0.        0.
    129.1  ]
 [  154.      285.556     0.        0.       -0.      219.444     0.       -0.
    149.222     0.        0.        0.        0.        0.       -0.        0.
      0.        0.        0.        0.        0.        0.      857.222
      0.        0.      151.444     0.        0.      362.667     0.        0.
      0.        0.        0.       -0.       27.444     0.        0.        0.
      0.        0.        0.        0.111  1015.444     0.        0.       -0.
      0.        0.       -0.      145.667   288.556     0.        0.        0.
    148.111     0.        0.      150.111     0.        0.        0.        0.
      0.        0.        0.   ]
 [    0.353    14.44     13.734     0.        0.005     4.604     0.01
      1.217     2.101    31.937     0.053     0.        0.019     0.029
      0.029     0.       -0.        0.        1.478     0.222    -0.
      0.068     4.546     0.        0.406    26.329     1.758     2.179
      5.193     0.353     0.169    15.99     19.483     0.058     0.372
     28.826     0.        0.184     0.        0.       -0.        0.
      0.512    30.7     408.005     0.57      0.652     1.024     4.831
     22.87      1.744    15.261     0.        0.005    -0.       -0.        0.
      0.       -0.        0.01      0.014     2.415     0.        0.13
      0.068    32.217]
 [    0.297     2.877     1.217     0.        0.066     1.783     0.134
      0.398     0.541     2.421     0.021     0.001     0.008     0.008
      0.008     0.        0.002     0.        0.438     0.268     0.002
      0.177     1.615     0.        0.083     3.794     0.616     0.64
      1.904     0.001     0.489     1.297     1.649     0.033     0.199
      2.184     0.        0.104     0.012     0.001     0.027     0.
      0.849     8.052    18.954     0.218     0.417     3.168    12.888
     65.024     0.633     6.112     0.        0.002     0.003     0.016
      0.        0.002     0.02      0.134     0.        0.283     0.004
      0.037     0.04      2.758]
 [    0.222     4.362     3.3      -0.        0.056     1.276     0.21
      0.365     0.533     5.11      0.019     0.001     0.036     0.031
      0.033     0.        0.       -0.        0.387     0.435     0.003
      0.252     1.404    -0.        0.057     6.261     0.576     0.612
      1.469     0.009     0.519     3.449     3.853     0.049     0.178
      5.109    -0.        0.084     0.01     -0.        0.008    -0.
      0.15      7.536    54.141     0.295     0.429     0.372     1.853
      6.921     0.441     4.797    -0.        0.003     0.003     0.004
     -0.        0.002     0.004     0.21      0.001     2.125     0.018
      0.141     0.187     5.824]
 [    0.      403.     1764.        0.        0.       85.      708.      104.
    149.      294.        0.        0.        0.        0.        0.        0.
      0.        0.       79.      692.        0.      703.       77.        0.
      0.      169.       10.      200.       81.        0.        0.        0.
      0.        0.       39.       44.        0.        0.        0.        0.
      0.        0.        0.      601.      964.        0.        0.        0.
      0.        0.       16.      242.        0.        0.       51.       53.
      0.        0.      111.      704.        0.      207.        0.        0.
      0.      371.   ]
 [    0.585     6.512     1.037    -0.        0.024     4.72      0.
      0.683     0.817     7.439     0.024     0.        0.        0.        0.
     -0.        0.        0.        0.671     0.024     0.        0.024
      2.585    -0.        0.098    28.134     1.232     1.073     5.439
      0.012     3.854     4.902     8.122     0.122     0.207    15.317
      0.        0.159    -0.        0.        0.012    -0.        1.305
     36.402    83.512     0.866     1.402     7.744    35.073   354.524
      1.207    36.5       0.       -0.        0.       -0.        0.        0.
      0.061    -0.        0.        0.159    -0.        0.085     0.012
      7.402]
 [   22.118    55.324     0.       -0.        0.      138.824     0.
      2.441    78.        0.853     0.       -0.        0.        0.        0.
     -0.        0.       -0.       -0.       -0.       -0.       -0.
    261.059    -0.        2.912    86.118     0.765     2.588   158.294
      3.588     0.        4.412     6.765     0.        0.       13.941
     -0.        2.353    -0.       -0.       -0.       -0.        0.
    409.206   122.382    55.324    -0.        0.        0.        0.
     25.5     224.294    -0.        0.        0.       23.412    -0.        0.
     22.647     0.        0.       -0.        0.       -0.        0.
      1.029]
 [    0.        2.917    27.45     -0.        0.017     0.283    -0.
      0.317     0.217    16.533    -0.       -0.        0.367     0.017
      0.       -0.       -0.       -0.        0.25      0.1      -0.
      0.083     1.       -0.       -0.        6.283     0.45      0.517
      0.383    -0.       -0.        7.033     6.817     0.        0.
      8.367    -0.        0.       -0.       -0.       -0.       -0.        0.
      1.55     54.7       0.       -0.        0.017     0.083     1.083
      0.017     0.117     0.       -0.        0.       -0.       -0.        0.
     -0.        0.        0.      315.033     0.2       0.883     2.017
     21.967]
 [    0.98      9.235   314.02     -0.        0.176     1.667    52.039
      1.529     1.725    16.569    -0.       -0.        0.176     0.        0.
     -0.       -0.       -0.        2.667    53.471    -0.       55.784
      4.686    -0.        0.745    13.392     3.078     7.196     3.039
      0.02     -0.        2.098     5.412     0.039     0.098     6.137
     -0.        0.       -0.       -0.       -0.       -0.        0.51
     26.451    63.863     0.02      0.137     0.667     2.118    12.745
      1.941     6.98      0.       -0.        1.843     1.98     -0.
      0.02      1.608    53.333     0.        9.588     0.        0.196
      0.392    17.627]]
The size of cluster 0 is 87698
The size of cluster 1 is 1228
The size of cluster 2 is 10
The size of cluster 3 is 9
The size of cluster 4 is 207
The size of cluster 5 is 1949
The size of cluster 6 is 5427
The size of cluster 7 is 1
The size of cluster 8 is 82
The size of cluster 9 is 34
The size of cluster 10 is 60
The size of cluster 11 is 51
The inertia is 68434945.0877




The cluster centers for K=13
[[    0.202     3.54      2.446    -0.        0.051     0.957     0.204
      0.361     0.444     3.595     0.023     0.001     0.038     0.047
      0.048     0.       -0.       -0.        0.365     0.464     0.003
      0.234     1.202    -0.        0.04      3.867     0.545     0.595
      1.137     0.007     0.371     2.402     2.551     0.027     0.152
      3.451    -0.        0.073     0.007     0.        0.007    -0.
      0.141     6.048    32.449     0.198     0.342     0.343     1.765
      6.323     0.376     3.73     -0.        0.002     0.002     0.003
     -0.        0.002     0.005     0.201     0.001     1.893     0.019
      0.134     0.204     4.27 ]
 [    0.233     6.818     7.147    -0.        0.032     2.494     0.122
      0.512     0.741    20.119     0.026     0.001     0.013     0.013
      0.004    -0.        0.        0.        0.555     0.406     0.051
      0.134     1.922    -0.        0.18     20.519     0.84      0.888
      2.785     0.096     0.935     9.741    13.286     0.062     0.317
     18.154     0.        0.118     0.004     0.        0.009    -0.
      0.33     15.487   227.539     0.419     0.618     0.837     4.551
     19.391     0.795     8.977     0.        0.001     0.012     0.012
      0.        0.007     0.015     0.096     0.003     2.054     0.012
      0.154     0.092    20.509]
 [   20.364    57.        0.       -0.        0.      139.212     0.
      2.515    77.727     0.879     0.       -0.        0.       -0.        0.
     -0.        0.       -0.       -0.       -0.       -0.       -0.
    247.061    -0.        3.       86.        0.788     2.667   156.545
      3.697     0.        4.545     6.97     -0.        0.       14.364
     -0.        2.424    -0.       -0.       -0.       -0.        0.
    403.364   126.091    57.       -0.        0.        0.        0.
     23.273   225.727    -0.        0.        0.       21.273    -0.        0.
     20.818     0.        0.       -0.        0.       -0.        0.
      1.061]
 [    2.556    83.889    43.778     0.       -0.       33.778     0.
      2.222     3.667   121.333     0.        0.        0.        0.222
      0.111     0.        0.        0.        3.889     0.889     0.        0.
      5.778     0.        0.222    37.333     4.333     5.556    54.111
      0.       15.667    45.333    85.        0.       -0.      160.667
      0.        7.667     0.        0.        0.        0.        0.111
    275.556  1273.667    22.778     0.333     3.667    29.778   111.778
     17.333   309.222     0.        0.        0.        0.        0.        0.
      0.        0.        0.        0.        0.        0.        0.
    126.333]
 [    0.585     6.512     1.037    -0.        0.024     4.72      0.
      0.683     0.817     7.439     0.024     0.        0.        0.        0.
     -0.        0.        0.        0.671     0.024     0.        0.024
      2.585    -0.        0.098    28.134     1.232     1.073     5.439
      0.012     3.854     4.902     8.122     0.122     0.207    15.317
      0.        0.159    -0.        0.        0.012    -0.        1.305
     36.402    83.512     0.866     1.402     7.744    35.073   354.524
      1.207    36.5       0.       -0.        0.       -0.        0.        0.
      0.061    -0.        0.        0.159    -0.        0.085     0.012
      7.402]
 [    0.041     0.719     0.319     0.        0.016     0.228     0.092
      0.139     0.172     0.449     0.006     0.        0.005     0.032
      0.032     0.        0.        0.        0.137     0.263     0.001
      0.103     0.563     0.        0.012     0.458     0.2       0.236
      0.248     0.002     0.052     0.292     0.282     0.004     0.024
      0.313     0.        0.013     0.001     0.        0.001     0.
      0.035     1.235     2.386     0.039     0.053     0.092     0.415
      1.687     0.068     0.619     0.        0.001     0.        0.001
      0.        0.        0.001     0.093     0.        0.286     0.004
      0.025     0.032     0.599]
 [    0.286     2.734     1.223     0.        0.064     1.822     0.138
      0.401     0.543     2.364     0.019     0.001     0.008     0.01
      0.007     0.        0.002     0.        0.433     0.267     0.001
      0.184     1.659     0.        0.083     3.887     0.617     0.634
      1.915     0.001     0.489     1.228     1.61      0.029     0.188
      2.102     0.        0.108     0.011     0.        0.029     0.
      0.878     7.806    18.322     0.218     0.396     3.297    13.276
     68.073     0.631     6.104     0.        0.002     0.003     0.017
      0.        0.001     0.021     0.136     0.        0.228     0.003
      0.035     0.039     2.697]
 [    0.        2.917    27.45     -0.        0.017     0.283    -0.
      0.317     0.217    16.533    -0.       -0.        0.367     0.017
      0.       -0.       -0.       -0.        0.25      0.1      -0.
      0.083     1.       -0.       -0.        6.283     0.45      0.517
      0.383    -0.       -0.        7.033     6.817     0.        0.
      8.367    -0.        0.       -0.       -0.       -0.       -0.        0.
      1.55     54.7       0.       -0.        0.017     0.083     1.083
      0.017     0.117     0.       -0.        0.       -0.       -0.        0.
     -0.        0.        0.      315.033     0.2       0.883     2.017
     21.967]
 [    0.      403.     1764.        0.        0.       85.      708.      104.
    149.      294.        0.        0.        0.        0.        0.        0.
      0.        0.       79.      692.        0.      703.       77.        0.
      0.      169.       10.      200.       81.        0.        0.        0.
      0.        0.       39.       44.        0.        0.        0.        0.
      0.        0.        0.      601.      964.        0.        0.        0.
      0.        0.       16.      242.        0.        0.       51.       53.
      0.        0.      111.      704.        0.      207.        0.        0.
      0.      371.   ]
 [    0.434    18.274    19.811    -0.        0.009     5.113     0.019
      1.726     2.425    41.179     0.019     0.        0.009     0.038
      0.038    -0.        0.        0.        1.84      0.17      0.
      0.132     4.604    -0.        0.028    29.934     2.208     1.925
      5.5       0.123    -0.       17.679    21.877     0.038     0.226
     32.        0.        0.226    -0.        0.        0.       -0.
      0.292    32.934   495.189     0.547     0.764     1.038     4.67
     23.594     2.264    15.047    -0.        0.009     0.        0.        0.
      0.       -0.        0.019     0.009     2.472     0.        0.085
      0.057    41.142]
 [  146.6     257.        0.        0.       -0.      210.1       0.       -0.
    143.        0.        0.       -0.        0.       -0.       -0.        0.
      0.       -0.        0.       -0.       -0.        0.      843.8
      0.       -0.      145.3       0.        0.      348.        0.        0.
      0.        0.        0.       -0.       24.7      -0.        0.       -0.
     -0.        0.        0.        0.1     974.1      -0.        0.        0.
      0.        0.       -0.      141.      277.4       0.        0.        0.
    142.7      -0.        0.      143.4       0.        0.        0.        0.
      0.        0.       -0.   ]
 [    0.224     5.179     4.309     0.        0.047     1.886     0.138
      0.324     0.693     8.483     0.013     0.        0.019     0.018
      0.017     0.        0.001     0.        0.364     0.306    -0.
      0.194     1.581     0.        0.062    11.458     0.588     0.574
      2.078     0.027     0.823     5.268     6.453     0.098     0.241
      8.772     0.        0.095     0.013     0.        0.006     0.
      0.215    10.581   101.174     0.532     0.586     0.533     2.559
     10.287     0.599     6.689     0.        0.004     0.004     0.007
      0.        0.003     0.004     0.138     0.        2.144     0.008
      0.104     0.128     9.101]
 [    0.98      9.235   314.02     -0.        0.176     1.667    52.039
      1.529     1.725    16.569    -0.       -0.        0.176     0.        0.
     -0.       -0.       -0.        2.667    53.471    -0.       55.784
      4.686    -0.        0.745    13.392     3.078     7.196     3.039
      0.02     -0.        2.098     5.412     0.039     0.098     6.137
     -0.        0.       -0.       -0.       -0.       -0.        0.51
     26.451    63.863     0.02      0.137     0.667     2.118    12.745
      1.941     6.98      0.       -0.        1.843     1.98     -0.
      0.02      1.608    53.333     0.        9.588     0.        0.196
      0.392    17.627]]
The size of cluster 0 is 7796
The size of cluster 1 is 688
The size of cluster 2 is 33
The size of cluster 3 is 9
The size of cluster 4 is 82
The size of cluster 5 is 84079
The size of cluster 6 is 1748
The size of cluster 7 is 60
The size of cluster 8 is 1
The size of cluster 9 is 106
The size of cluster 10 is 10
The size of cluster 11 is 2093
The size of cluster 12 is 51
The inertia is 64510802.71




The cluster centers for K=14
[[    0.202     3.577     2.438    -0.        0.052     0.965     0.203
      0.363     0.449     3.599     0.023     0.001     0.039     0.047
      0.048     0.       -0.       -0.        0.364     0.466     0.003
      0.233     1.243    -0.        0.042     3.872     0.547     0.604
      1.142     0.007     0.371     2.394     2.548     0.027     0.152
      3.445    -0.        0.074     0.007     0.        0.007    -0.
      0.142     6.054    32.4       0.198     0.342     0.348     1.784
      6.441     0.378     3.739    -0.        0.002     0.002     0.003
     -0.        0.002     0.005     0.2       0.001     1.887     0.019
      0.134     0.204     4.276]
 [    0.213     6.75      7.199    -0.        0.032     2.446     0.123
      0.512     0.693    20.108     0.026     0.001     0.013     0.013
      0.004    -0.        0.        0.        0.553     0.408     0.051
      0.135     1.77     -0.        0.181    20.465     0.846     0.883
      2.735     0.096     0.94      9.807    13.294     0.063     0.313
     18.23      0.        0.118     0.004     0.        0.009    -0.
      0.311    14.87    226.675     0.421     0.599     0.83      4.731
     19.504     0.73      8.838     0.        0.001     0.012     0.012
      0.        0.007     0.015     0.096     0.003     2.057     0.012
      0.155     0.092    20.488]
 [    0.418    17.227    19.182    -0.        0.009     5.464     0.018
      1.655     2.664    39.164     0.018     0.        0.009     0.036
      0.036    -0.        0.        0.        1.809     0.164     0.
      0.127     5.345    -0.        0.027    29.427     2.118     1.864
      5.827     0.118    -0.       17.073    21.536     0.036     0.236
     31.191     0.        0.218    -0.        0.        0.       -0.
      0.282    35.073   485.073     0.518     0.727     1.018     4.436
     22.709     2.527    14.745    -0.        0.009     0.        0.        0.
      0.       -0.        0.018     0.009     2.436     0.        0.082
      0.055    39.355]
 [   18.      754.      217.        0.        0.      162.        0.       17.
     20.      190.        0.        0.        0.        1.        0.        0.
      0.        0.       25.        6.        0.        0.       13.        0.
      2.       42.       26.       23.      213.        0.       57.      191.
    292.        0.        0.      249.        0.       64.        0.        0.
      0.        0.        0.      775.     2308.       22.        3.       23.
    119.      627.      141.     1227.        0.        0.        0.        0.
      0.        0.        0.        0.        0.        0.        0.        0.
      0.      209.   ]
 [   22.118    55.324     0.       -0.        0.      138.824     0.
      2.441    78.        0.853     0.       -0.        0.        0.        0.
     -0.        0.       -0.       -0.       -0.       -0.       -0.
    261.059    -0.        2.912    86.118     0.765     2.588   158.294
      3.588     0.        4.412     6.765     0.        0.       13.941
     -0.        2.353    -0.       -0.       -0.       -0.        0.
    409.206   122.382    55.324    -0.        0.        0.        0.
     25.5     224.294    -0.        0.        0.       23.412    -0.        0.
     22.647     0.        0.       -0.        0.       -0.        0.
      1.029]
 [    0.307     2.663     1.256     0.        0.056     1.834     0.139
      0.407     0.533     2.389     0.02      0.001     0.008     0.009
      0.007     0.        0.002     0.        0.451     0.257     0.001
      0.188     1.517     0.        0.074     3.9       0.631     0.616
      1.958     0.001     0.509     1.287     1.657     0.031     0.196
      2.176     0.        0.107     0.011     0.        0.03      0.
      0.929     8.138    18.945     0.231     0.418     3.406    13.612
     70.402     0.637     6.359     0.        0.002     0.003     0.018
      0.        0.001     0.022     0.136    -0.        0.239     0.003
      0.035     0.041     2.738]
 [    0.22      5.165     4.305     0.        0.047     1.882     0.138
      0.323     0.692     8.485     0.013     0.        0.019     0.018
      0.017     0.        0.001     0.        0.362     0.306    -0.
      0.194     1.576     0.        0.061    11.454     0.585     0.571
      2.07      0.027     0.824     5.265     6.459     0.098     0.239
      8.779     0.        0.095     0.013     0.        0.006     0.
      0.213    10.533   101.129     0.527     0.585     0.529     2.553
     10.204     0.598     6.647     0.        0.004     0.004     0.007
      0.        0.003     0.004     0.138     0.        2.146     0.008
      0.104     0.129     9.1  ]
 [    0.      403.     1764.        0.        0.       85.      708.      104.
    149.      294.        0.        0.        0.        0.        0.        0.
      0.        0.       79.      692.        0.      703.       77.        0.
      0.      169.       10.      200.       81.        0.        0.        0.
      0.        0.       39.       44.        0.        0.        0.        0.
      0.        0.        0.      601.      964.        0.        0.        0.
      0.        0.       16.      242.        0.        0.       51.       53.
      0.        0.      111.      704.        0.      207.        0.        0.
      0.      371.   ]
 [  154.      285.556     0.        0.       -0.      219.444     0.       -0.
    149.222     0.        0.        0.        0.        0.       -0.        0.
      0.        0.        0.        0.        0.        0.      857.222
      0.        0.      151.444     0.        0.      362.667     0.        0.
      0.        0.        0.       -0.       27.444     0.        0.        0.
      0.        0.        0.        0.111  1015.444     0.        0.       -0.
      0.        0.       -0.      145.667   288.556     0.        0.        0.
    148.111     0.        0.      150.111     0.        0.        0.        0.
      0.        0.        0.   ]
 [    0.627     6.933     1.133    -0.        0.027     4.64      0.
      0.733     0.867     7.52      0.027     0.       -0.        0.        0.
     -0.        0.        0.        0.707     0.013     0.        0.027
      2.787    -0.        0.08     30.173     1.173     1.16      5.4
      0.013     4.16      4.867     8.32      0.133     0.227    15.8
      0.        0.173    -0.        0.        0.013    -0.        1.12
     39.093    86.6       0.933     1.533     7.88     35.64    366.24
      1.32     39.013     0.       -0.        0.       -0.        0.        0.
      0.067    -0.        0.        0.173    -0.        0.093     0.013
      7.48 ]
 [    0.98      9.235   314.02     -0.        0.176     1.667    52.039
      1.529     1.725    16.569    -0.       -0.        0.176     0.        0.
     -0.       -0.       -0.        2.667    53.471    -0.       55.784
      4.686    -0.        0.745    13.392     3.078     7.196     3.039
      0.02     -0.        2.098     5.412     0.039     0.098     6.137
     -0.        0.       -0.       -0.       -0.       -0.        0.51
     26.451    63.863     0.02      0.137     0.667     2.118    12.745
      1.941     6.98      0.       -0.        1.843     1.98     -0.
      0.02      1.608    53.333     0.        9.588     0.        0.196
      0.392    17.627]
 [    0.041     0.719     0.319     0.        0.016     0.228     0.092
      0.138     0.172     0.449     0.006     0.        0.005     0.032
      0.032     0.        0.        0.        0.137     0.263     0.001
      0.103     0.563     0.        0.012     0.46      0.2       0.236
      0.249     0.002     0.052     0.292     0.282     0.004     0.024
      0.313     0.        0.013     0.001     0.        0.001     0.
      0.035     1.235     2.386     0.039     0.053     0.093     0.42
      1.713     0.068     0.62      0.        0.001     0.        0.001
      0.        0.        0.001     0.093     0.        0.286     0.004
      0.025     0.032     0.598]
 [    0.778     7.667    19.667     0.       -0.       16.444     0.
      0.556     1.556   120.889     0.        0.        0.        0.111
      0.111     0.        0.        0.        1.111     0.222     0.        0.
      5.111     0.        0.       42.111     1.556     3.222    31.222
      0.        9.333    25.667    53.667     0.       -0.      135.111
      0.        0.556     0.        0.        0.        0.        0.111
    194.111  1118.444    20.444     0.111     1.444    18.       48.
      2.778   179.111     0.        0.        0.        0.        0.        0.
      0.        0.        0.        0.        0.        0.        0.
    120.222]
 [    0.        2.917    27.45     -0.        0.017     0.283    -0.
      0.317     0.217    16.533    -0.       -0.        0.367     0.017
      0.       -0.       -0.       -0.        0.25      0.1      -0.
      0.083     1.       -0.       -0.        6.283     0.45      0.517
      0.383    -0.       -0.        7.033     6.817     0.        0.
      8.367    -0.        0.       -0.       -0.       -0.       -0.        0.
      1.55     54.7       0.       -0.        0.017     0.083     1.083
      0.017     0.117     0.       -0.        0.       -0.       -0.        0.
     -0.        0.        0.      315.033     0.2       0.883     2.017
     21.967]]
The size of cluster 0 is 7827
The size of cluster 1 is 684
The size of cluster 2 is 110
The size of cluster 3 is 1
The size of cluster 4 is 34
The size of cluster 5 is 1667
The size of cluster 6 is 2092
The size of cluster 7 is 1
The size of cluster 8 is 9
The size of cluster 9 is 75
The size of cluster 10 is 51
The size of cluster 11 is 84136
The size of cluster 12 is 9
The size of cluster 13 is 60
The inertia is 60974881.6671




The cluster centers for K=15
[[    0.198     3.696     2.687    -0.        0.049     0.972     0.228
      0.355     0.45      3.951     0.022     0.001     0.04      0.047
      0.048     0.        0.       -0.        0.354     0.479     0.003
      0.256     1.19     -0.        0.04      4.309     0.534     0.587
      1.154     0.006     0.397     2.669     2.845     0.03      0.152
      3.834    -0.        0.071     0.007    -0.        0.007    -0.
      0.117     6.025    36.75      0.204     0.344     0.266     1.392
      4.764     0.368     3.734    -0.        0.003     0.002     0.002
     -0.        0.001     0.004     0.224     0.001     2.1       0.019
      0.141     0.212     4.635]
 [    0.7       6.9      17.7       0.       -0.       14.8       0.
      0.5       1.4     111.3       0.       -0.        0.        0.1
      0.1       0.        0.       -0.        1.        0.2      -0.        0.
      4.6       0.       -0.       42.8       1.4       2.9      28.1
     12.2       8.4      37.7      60.3       0.       -0.      163.6
     -0.        0.5      -0.       -0.        0.        0.        0.1
    234.3    1060.       18.4       0.1       1.3      16.2      43.2
      2.5     206.3       0.        0.        0.        0.       -0.        0.
     -0.        0.        0.        0.        0.        0.        0.
    110.9  ]
 [    0.04      0.727     0.325     0.        0.015     0.222     0.093
      0.139     0.171     0.462     0.006     0.        0.005     0.033
      0.033     0.        0.        0.        0.137     0.269     0.001
      0.104     0.564     0.        0.012     0.457     0.2       0.234
      0.244     0.002     0.049     0.299     0.289     0.005     0.024
      0.321     0.        0.012     0.001     0.        0.001     0.
      0.026     1.214     2.471     0.038     0.052     0.061     0.303
      1.099     0.063     0.583     0.        0.001     0.        0.001
      0.        0.        0.001     0.093     0.        0.303     0.004
      0.026     0.034     0.617]
 [    0.215     6.524     6.759    -0.        0.029     2.598     0.128
      0.506     0.759    20.375     0.027     0.002     0.012     0.012
      0.005    -0.        0.        0.        0.55      0.424     0.053
      0.14      1.954    -0.        0.183    20.787     0.845     0.892
      2.913     0.101     0.979     9.988    13.518     0.058     0.273
     18.523     0.        0.122     0.005     0.        0.008    -0.
      0.305    15.648   230.851     0.468     0.608     0.8       4.587
     18.559     0.814     9.255     0.        0.002     0.012     0.012
      0.        0.008     0.015     0.101     0.003     2.038     0.012
      0.11      0.081    20.701]
 [    0.216     5.172     4.46      0.        0.045     2.042     0.124
      0.32      0.769     8.659     0.014     0.        0.019     0.013
      0.013     0.        0.002     0.        0.358     0.264    -0.
      0.177     1.682     0.        0.067    12.018     0.586     0.564
      2.218     0.029     0.796     5.355     6.624     0.088     0.245
      9.025     0.        0.097     0.014     0.        0.005     0.
      0.215    10.795   105.872     0.609     0.561     0.535     2.539
     10.082     0.591     6.807     0.        0.003     0.004     0.007
      0.        0.004     0.003     0.126     0.        2.075     0.008
      0.125     0.134     9.351]
 [    0.545     6.159     0.818    -0.        0.        3.705    -0.
      0.5       0.636     9.295     0.023    -0.       -0.        0.        0.
     -0.       -0.       -0.        0.545    -0.       -0.        0.045
      1.886    -0.        0.114    39.932     0.886     0.909     3.523
      0.023     1.341     3.909     7.114     0.091     0.25     16.364
     -0.        0.091    -0.       -0.        0.023    -0.        1.477
     45.364   100.114     0.205     1.455     7.114    26.432   450.455
      0.977    41.886     0.       -0.        0.       -0.       -0.        0.
      0.114     0.        0.        0.068     0.        0.045     0.023
      9.205]
 [  157.375   258.        0.        0.       -0.      223.625     0.       -0.
    151.875     0.        0.        0.        0.        0.       -0.        0.
      0.        0.        0.        0.        0.        0.      918.75
      0.        0.      156.25      0.        0.      369.25      0.        0.
      0.        0.        0.       -0.       30.875     0.        0.        0.
      0.        0.        0.        0.125  1038.375     0.        0.       -0.
      0.        0.       -0.      149.625   295.625     0.       -0.        0.
    151.125     0.        0.      151.125     0.        0.        0.        0.
      0.        0.        0.   ]
 [    0.      403.     1764.        0.        0.       85.      708.      104.
    149.      294.        0.        0.        0.        0.        0.        0.
      0.        0.       79.      692.        0.      703.       77.        0.
      0.      169.       10.      200.       81.        0.        0.        0.
      0.        0.       39.       44.        0.        0.        0.        0.
      0.        0.        0.      601.      964.        0.        0.        0.
      0.        0.       16.      242.        0.        0.       51.       53.
      0.        0.      111.      704.        0.      207.        0.        0.
      0.      371.   ]
 [   18.      754.      217.        0.        0.      162.        0.       17.
     20.      190.        0.        0.        0.        1.        0.        0.
      0.        0.       25.        6.        0.        0.       13.        0.
      2.       42.       26.       23.      213.        0.       57.      191.
    292.        0.        0.      249.        0.       64.        0.        0.
      0.        0.        0.      775.     2308.       22.        3.       23.
    119.      627.      141.     1227.        0.        0.        0.        0.
      0.        0.        0.        0.        0.        0.        0.        0.
      0.      209.   ]
 [   28.355    77.        0.       -0.        0.      149.194     0.
      2.677    85.032     0.129     0.       -0.        0.       -0.        0.
     -0.        0.       -0.       -0.       -0.       -0.       -0.
    290.516    -0.        3.194    91.742     0.839     2.839   174.71
     -0.        0.        0.129     3.548    -0.        0.        1.742
     -0.        2.581    -0.       -0.       -0.       -0.        0.
    434.935   107.29     55.903    -0.        0.        0.        0.
     31.645   223.194    -0.        0.        0.       29.677    -0.        0.
     29.419     0.        0.       -0.        0.       -0.        0.
      0.258]
 [    0.419    17.8      20.       -0.        0.01      5.105     0.019
      1.724     2.438    39.8       0.019     0.        0.01      0.038
      0.038    -0.        0.        0.        1.857     0.171     0.
      0.133     4.581    -0.        0.029    29.41      2.219     1.924
      5.486     0.124    -0.       17.714    21.99      0.038     0.229
     32.124     0.        0.229    -0.        0.        0.       -0.
      0.295    32.848   491.229     0.543     0.762     1.019     4.59
     23.314     2.19     14.657    -0.        0.01      0.        0.        0.
      0.       -0.        0.019     0.01      2.495    -0.        0.086
      0.057    40.067]
 [    0.98      9.235   314.02     -0.        0.176     1.667    52.039
      1.529     1.725    16.569    -0.       -0.        0.176     0.        0.
     -0.       -0.       -0.        2.667    53.471    -0.       55.784
      4.686    -0.        0.745    13.392     3.078     7.196     3.039
      0.02     -0.        2.098     5.412     0.039     0.098     6.137
     -0.        0.       -0.       -0.       -0.       -0.        0.51
     26.451    63.863     0.02      0.137     0.667     2.118    12.745
      1.941     6.98      0.       -0.        1.843     1.98     -0.
      0.02      1.608    53.333     0.        9.588     0.        0.196
      0.392    17.627]
 [    0.        2.917    27.45     -0.        0.017     0.283    -0.
      0.317     0.217    16.533    -0.       -0.        0.367     0.017
      0.       -0.       -0.       -0.        0.25      0.1      -0.
      0.083     1.       -0.       -0.        6.283     0.45      0.517
      0.383    -0.       -0.        7.033     6.817     0.        0.
      8.367    -0.        0.       -0.       -0.       -0.       -0.        0.
      1.55     54.7       0.       -0.        0.017     0.083     1.083
      0.017     0.117     0.       -0.        0.       -0.       -0.        0.
     -0.        0.        0.      315.033     0.2       0.883     2.017
     21.967]
 [    0.193     1.818     0.857    -0.        0.048     0.981     0.087
      0.289     0.37      1.401     0.014    -0.        0.008     0.012
      0.012    -0.        0.       -0.        0.309     0.18      0.001
      0.118     1.104     0.        0.052     1.891     0.444     0.498
      1.037     0.002     0.288     0.794     0.929     0.018     0.116
      1.188    -0.        0.076     0.007     0.        0.017    -0.
      0.478     4.997     9.857     0.148     0.263     1.637     6.765
     32.189     0.42      3.66     -0.        0.001     0.002     0.008
     -0.        0.003     0.008     0.087     0.001     0.224     0.005
      0.032     0.041     1.609]
 [    0.449     4.946     1.982    -0.        0.104     2.857     0.15
      0.567     0.796     3.884     0.027     0.002     0.013     0.02
      0.014    -0.        0.       -0.        0.689     0.301     0.
      0.191     2.095    -0.        0.093     7.406     0.966     0.875
      3.209    -0.        1.304     2.238     3.134     0.045     0.351
      4.531    -0.        0.163     0.       -0.        0.029    -0.
      1.404    14.15     36.481     0.429     0.785     5.306    21.258
    119.703     0.996    12.369     0.        0.004     0.002    -0.       -0.
      0.002     0.036     0.157    -0.        0.304     0.005     0.055
      0.041     4.542]]
The size of cluster 0 is 6562
The size of cluster 1 is 10
The size of cluster 2 is 82620
The size of cluster 3 is 656
The size of cluster 4 is 1877
The size of cluster 5 is 44
The size of cluster 6 is 8
The size of cluster 7 is 1
The size of cluster 8 is 1
The size of cluster 9 is 31
The size of cluster 10 is 105
The size of cluster 11 is 51
The size of cluster 12 is 60
The size of cluster 13 is 4171
The size of cluster 14 is 559
The inertia is 58516493.2853




The cluster centers for K=16
[[   0.197    3.594    2.659 ...,    0.142    0.214    4.632]
 [   0.215    5.183    4.452 ...,    0.124    0.132    9.333]
 [   0.105   -0.       0.    ...,   -0.       0.       2.053]
 ..., 
 [  18.     754.     217.    ...,    0.       0.     209.   ]
 [   0.463    4.968    2.07  ...,    0.058    0.043    4.593]
 [  51.706  173.235    0.    ...,   -0.       0.       0.471]]
The size of cluster 0 is 6618
The size of cluster 1 is 1894
The size of cluster 2 is 19
The size of cluster 3 is 104
The size of cluster 4 is 82741
The size of cluster 5 is 657
The size of cluster 6 is 4003
The size of cluster 7 is 60
The size of cluster 8 is 8
The size of cluster 9 is 51
The size of cluster 10 is 1
The size of cluster 11 is 7
The size of cluster 12 is 44
The size of cluster 13 is 1
The size of cluster 14 is 531
The size of cluster 15 is 17
The inertia is 56323333.5785




The cluster centers for K=17
[[  0.036   0.667   0.28  ...,   0.023   0.029   0.531]
 [  0.17    5.163   5.45  ...,   0.134   0.108  14.86 ]
 [  0.195   1.73    0.802 ...,   0.032   0.039   1.655]
 ..., 
 [  0.533   6.067   0.8   ...,   0.044   0.044  10.356]
 [  0.234   4.728   3.954 ...,   0.114   0.152   7.197]
 [  0.283   9.592   7.842 ...,   0.116   0.042  24.068]]
The size of cluster 0 is 79926
The size of cluster 1 is 923
The size of cluster 2 is 3601
The size of cluster 3 is 1
The size of cluster 4 is 35
The size of cluster 5 is 12
The size of cluster 6 is 1
The size of cluster 7 is 470
The size of cluster 8 is 79
The size of cluster 9 is 11
The size of cluster 10 is 51
The size of cluster 11 is 60
The size of cluster 12 is 8574
The size of cluster 13 is 7
The size of cluster 14 is 45
The size of cluster 15 is 2649
The size of cluster 16 is 311
The inertia is 54027680.0984




The cluster centers for K=18
[[   0.036    0.667    0.279 ...,    0.023    0.029    0.531]
 [   0.234    4.728    3.954 ...,    0.114    0.152    7.197]
 [ 137.833   -0.       0.    ...,    0.       0.       0.   ]
 ..., 
 [ 148.2    592.4      0.    ...,    0.       0.       0.   ]
 [   0.17     5.163    5.45  ...,    0.134    0.108   14.86 ]
 [   0.98     9.235  314.02  ...,    0.196    0.392   17.627]]
The size of cluster 0 is 79927
The size of cluster 1 is 2649
The size of cluster 2 is 6
The size of cluster 3 is 7
The size of cluster 4 is 80
The size of cluster 5 is 8573
The size of cluster 6 is 3601
The size of cluster 7 is 60
The size of cluster 8 is 1
The size of cluster 9 is 470
The size of cluster 10 is 311
The size of cluster 11 is 11
The size of cluster 12 is 44
The size of cluster 13 is 1
The size of cluster 14 is 36
The size of cluster 15 is 5
The size of cluster 16 is 923
The size of cluster 17 is 51
The inertia is 51965843.25




The cluster centers for K=19
[[   0.452    4.943    2.099 ...,    0.052    0.055    4.654]
 [   0.312   18.525   24.612 ...,    0.087    0.075   44.462]
 [   0.036    0.664    0.278 ...,    0.023    0.029    0.528]
 ..., 
 [ 149.4      0.       0.    ...,    0.       0.       0.   ]
 [  18.     754.     217.    ...,    0.       0.     209.   ]
 [   0.166    3.033    2.088 ...,    0.127    0.2      3.673]]
The size of cluster 0 is 595
The size of cluster 1 is 80
The size of cluster 2 is 79468
The size of cluster 3 is 926
The size of cluster 4 is 5
The size of cluster 5 is 2644
The size of cluster 6 is 50
The size of cluster 7 is 51
The size of cluster 8 is 1
The size of cluster 9 is 15
The size of cluster 10 is 53
The size of cluster 11 is 7
The size of cluster 12 is 60
The size of cluster 13 is 12
The size of cluster 14 is 322
The size of cluster 15 is 3987
The size of cluster 16 is 5
The size of cluster 17 is 1
The size of cluster 18 is 8474
The inertia is 50176171.3861




The cluster centers for K=20
[[   0.165    3.028    2.046 ...,    0.125    0.198    3.663]
 [   0.17     5.311    5.179 ...,    0.133    0.108   14.506]
 [   0.036    0.663    0.276 ...,    0.023    0.029    0.526]
 ..., 
 [ 149.4      0.       0.    ...,    0.       0.       0.   ]
 [   0.204    1.795    0.802 ...,    0.032    0.038    1.61 ]
 [   0.312   18.525   24.612 ...,    0.087    0.075   44.462]]
The size of cluster 0 is 8607
The size of cluster 1 is 932
The size of cluster 2 is 79671
The size of cluster 3 is 15
The size of cluster 4 is 2659
The size of cluster 5 is 514
The size of cluster 6 is 7
The size of cluster 7 is 60
The size of cluster 8 is 322
The size of cluster 9 is 5
The size of cluster 10 is 5
The size of cluster 11 is 1
The size of cluster 12 is 12
The size of cluster 13 is 53
The size of cluster 14 is 1
The size of cluster 15 is 38
The size of cluster 16 is 50
The size of cluster 17 is 5
The size of cluster 18 is 3719
The size of cluster 19 is 80
The inertia is 48582258.6591




The cluster centers for K=21
[[   0.036    0.664    0.264 ...,    0.023    0.029    0.527]
 [   0.202    8.298    7.975 ...,    0.112    0.037   24.373]
 [   0.237    4.703    3.884 ...,    0.115    0.154    7.084]
 ..., 
 [  18.     754.     217.    ...,    0.       0.     209.   ]
 [  47.     152.437    0.    ...,   -0.       0.       0.5  ]
 [   0.207    1.741   54.017 ...,    0.086    0.121    5.   ]]
The size of cluster 0 is 79695
The size of cluster 1 is 322
The size of cluster 2 is 2659
The size of cluster 3 is 12
The size of cluster 4 is 501
The size of cluster 5 is 5
The size of cluster 6 is 8591
The size of cluster 7 is 53
The size of cluster 8 is 3683
The size of cluster 9 is 7
The size of cluster 10 is 1
The size of cluster 11 is 79
The size of cluster 12 is 40
The size of cluster 13 is 925
The size of cluster 14 is 38
The size of cluster 15 is 60
The size of cluster 16 is 4
The size of cluster 17 is 6
The size of cluster 18 is 1
The size of cluster 19 is 16
The size of cluster 20 is 58
The inertia is 47125485.6757




The cluster centers for K=22
[[   0.211    1.649   49.474 ...,    0.088    0.123    2.474]
 [   0.237    4.753    3.832 ...,    0.103    0.12     7.023]
 [   0.036    0.666    0.269 ...,    0.023    0.029    0.531]
 ..., 
 [   0.714    9.857   25.286 ...,    0.       0.     153.   ]
 [   1.125    4.542    0.958 ...,    0.062    0.021    3.854]
 [   0.488    6.585    0.878 ...,    0.049    0.024    9.78 ]]
The size of cluster 0 is 57
The size of cluster 1 is 2615
The size of cluster 2 is 79734
The size of cluster 3 is 80
The size of cluster 4 is 5
The size of cluster 5 is 916
The size of cluster 6 is 1
The size of cluster 7 is 3677
The size of cluster 8 is 15
The size of cluster 9 is 1
The size of cluster 10 is 6
The size of cluster 11 is 8512
The size of cluster 12 is 4
The size of cluster 13 is 502
The size of cluster 14 is 19
The size of cluster 15 is 40
The size of cluster 16 is 12
The size of cluster 17 is 153
The size of cluster 18 is 311
The size of cluster 19 is 7
The size of cluster 20 is 48
The size of cluster 21 is 41
The inertia is 45779368.2191




The cluster centers for K=23
[[   0.169    3.069    1.913 ...,    0.118    0.145    3.513]
 [   0.75     5.019    0.885 ...,    0.077    0.019    6.269]
 [   0.167   -0.       0.    ...,    0.       0.       3.167]
 ..., 
 [   0.      43.5    688.    ...,    0.       1.     178.   ]
 [   0.64     7.174    2.203 ...,    0.058    0.041    6.75 ]
 [   0.159    1.364    0.634 ...,    0.029    0.032    1.205]]
The size of cluster 0 is 7942
The size of cluster 1 is 52
The size of cluster 2 is 12
The size of cluster 3 is 202
The size of cluster 4 is 1005
The size of cluster 5 is 1
The size of cluster 6 is 2522
The size of cluster 7 is 7
The size of cluster 8 is 80
The size of cluster 9 is 16
The size of cluster 10 is 4
The size of cluster 11 is 1
The size of cluster 12 is 908
The size of cluster 13 is 41
The size of cluster 14 is 78302
The size of cluster 15 is 53
The size of cluster 16 is 25
The size of cluster 17 is 41
The size of cluster 18 is 5
The size of cluster 19 is 314
The size of cluster 20 is 2
The size of cluster 21 is 172
The size of cluster 22 is 5049
The inertia is 44474941.1064




The cluster centers for K=24
[[   0.033    0.62     0.238 ...,    0.021    0.026    0.473]
 [   0.231    5.734    4.215 ...,    0.112    0.118    9.539]
 [   0.324    3.306    1.55  ...,    0.042    0.049    3.207]
 ..., 
 [  47.     152.437    0.    ...,   -0.       0.       0.5  ]
 [   0.226    2.83    65.698 ...,    0.17     0.113    6.113]
 [   0.      43.5    688.    ...,    0.       1.     178.   ]]
The size of cluster 0 is 75826
The size of cluster 1 is 1284
The size of cluster 2 is 934
The size of cluster 3 is 70
The size of cluster 4 is 4
The size of cluster 5 is 1
The size of cluster 6 is 213
The size of cluster 7 is 1
The size of cluster 8 is 12
The size of cluster 9 is 9445
The size of cluster 10 is 25
The size of cluster 11 is 7
The size of cluster 12 is 209
The size of cluster 13 is 582
The size of cluster 14 is 41
The size of cluster 15 is 3075
The size of cluster 16 is 168
The size of cluster 17 is 43
The size of cluster 18 is 5
The size of cluster 19 is 4692
The size of cluster 20 is 48
The size of cluster 21 is 16
The size of cluster 22 is 53
The size of cluster 23 is 2
The inertia is 43142317.359




