[ 0.04   0.161  0.049  0.002  0.089  0.128  0.019  0.166  0.133  0.239
  0.16   0.012  0.05   0.269  0.148  0.004  0.013  0.003  0.22   0.046
  0.003  0.022  0.051  0.002  0.02   0.504  0.326  0.147  0.1    0.004
  0.108  0.36   0.261  0.026  0.115  0.14   0.002  0.03   0.009  0.006
  0.049  0.001  0.208  0.173  0.419  0.047  0.111  0.279  0.328  0.465
  0.072  0.11   0.003  0.047  0.004  0.013  0.006  0.009  0.013  0.02
  0.008  0.087  0.038  0.116  0.055  0.309]The cluster centers for K=2
[[  0.029   0.151   0.047   0.002   0.089   0.107   0.018   0.163   0.11
    0.236   0.16    0.012   0.05    0.269   0.148   0.004   0.013   0.003
    0.215   0.044   0.003   0.02    0.041   0.002   0.018   0.485   0.322
    0.143   0.081   0.004   0.106   0.359   0.259   0.026   0.114   0.139
    0.002   0.027   0.009   0.006   0.049   0.001   0.208   0.155   0.415
    0.037   0.111   0.279   0.328   0.464   0.059   0.1     0.003   0.047
    0.002   0.001   0.006   0.009   0.001   0.018   0.008   0.087   0.038
    0.116   0.055   0.306]
 [ 20.757  19.363   4.569  -0.      0.     44.264   3.567   6.547  46.153
    6.697  -0.     -0.      0.      0.355   0.097  -0.      0.     -0.
   10.046   3.545  -0.      3.568  21.452  -0.      3.482  40.559   8.893
    6.904  39.053   0.      2.857   2.217   4.372  -0.      2.291   2.376
   -0.      5.293  -0.     -0.      0.     -0.      0.066  37.919   8.866
   20.373   0.071   0.833   1.14    1.983  25.193  20.224  -0.      0.
    5.257  24.409  -0.     -0.     24.383   3.599  -0.      1.006  -0.     -0.
    0.047   7.493]]
The size of cluster 0 is 96709
The size of cluster 1 is 47
The inertia is 6336588.02235




The cluster centers for K=3
[[  0.024   0.125   0.034   0.002   0.079   0.082   0.015   0.15    0.097
    0.14    0.139   0.01    0.038   0.274   0.151   0.004   0.01    0.003
    0.197   0.041   0.002   0.017   0.036   0.002   0.013   0.274   0.292
    0.132   0.063   0.002   0.076   0.229   0.157   0.018   0.087   0.082
    0.002   0.022   0.008   0.006   0.038   0.001   0.134   0.119   0.251
    0.028   0.085   0.181   0.209   0.289   0.046   0.074   0.003   0.039
    0.001   0.      0.006   0.007   0.      0.015   0.006   0.06    0.034
    0.1     0.044   0.196]
 [ 21.208  19.784   4.668  -0.      0.     44.763   3.645   6.626  47.069
    6.838  -0.     -0.      0.      0.181   0.     -0.      0.     -0.
   10.017   3.616  -0.      3.646  21.887  -0.      3.557  41.364   8.891
    6.826  39.317   0.      1.18    2.185   4.34   -0.      2.341   1.837
   -0.      5.299  -0.     -0.      0.     -0.      0.068  38.198   8.191
   19.61    0.072   0.725   0.976   1.621  25.656  19.211  -0.      0.
    5.371  24.939  -0.     -0.     24.913   3.678  -0.      1.028  -0.     -0.
    0.048   7.616]
 [  0.163   0.822   0.377  -0.      0.344   0.731   0.083   0.491   0.45
    2.666   0.703   0.068   0.351   0.152   0.069  -0.      0.109  -0.
    0.688   0.121   0.027   0.095   0.152  -0.      0.135   5.843   1.069
    0.445   0.55    0.059   0.884   3.672   2.854   0.224   0.807   1.606
   -0.      0.17    0.05    0.014   0.327  -0.      2.096   1.065   4.591
    0.282   0.782   2.757   3.334   4.906   0.405   0.775   0.      0.232
    0.02    0.009  -0.      0.058   0.013   0.082   0.041   0.785   0.131
    0.529   0.34    3.103]]
The size of cluster 0 is 93042
The size of cluster 1 is 46
The size of cluster 2 is 3668
The inertia is 5860354.72434




The cluster centers for K=4
[[  0.024   0.124   0.034   0.002   0.078   0.081   0.015   0.149   0.096
    0.139  -0.      0.004   0.038   0.274   0.151   0.001   0.01    0.003
    0.194   0.041   0.001   0.017   0.036   0.002   0.013   0.272   0.29
    0.131   0.063   0.002   0.076   0.227   0.156   0.018   0.086   0.081
    0.002   0.022   0.007   0.006   0.038   0.001   0.134   0.118   0.25
    0.028   0.084   0.181   0.208   0.288   0.045   0.073   0.003   0.034
    0.001   0.      0.006   0.007   0.      0.015   0.002   0.06    0.034
    0.098   0.044   0.195]
 [ 21.208  19.784   4.668  -0.      0.     44.763   3.645   6.626  47.069
    6.838  -0.     -0.      0.      0.181   0.     -0.      0.     -0.
   10.017   3.616  -0.      3.646  21.887  -0.      3.557  41.364   8.891
    6.826  39.317   0.      1.18    2.185   4.34   -0.      2.341   1.837
   -0.      5.299  -0.     -0.      0.     -0.      0.068  38.198   8.191
   19.61    0.072   0.725   0.976   1.621  25.656  19.211  -0.      0.
    5.371  24.939  -0.     -0.     24.913   3.678  -0.      1.028  -0.     -0.
    0.048   7.616]
 [  0.098   0.384   0.052   0.      0.197   0.26    0.011   0.432   0.289
    0.423  24.131   1.252   0.245   0.274   0.178   0.469  -0.      0.
    0.662   0.054   0.13    0.017   0.085   0.      0.043   0.782   0.835
    0.355   0.197   0.008   0.165   0.773   0.478   0.087   0.377   0.314
    0.      0.121   0.033   0.      0.188   0.      0.626   0.405   0.791
    0.106   0.464   0.481   0.713   0.88    0.215   0.306  -0.      1.33
    0.      0.      0.      0.      0.005   0.011   0.9     0.106   0.042
    0.611   0.181   0.593]
 [  0.158   0.804   0.379  -0.      0.335   0.723   0.084   0.481   0.443
    2.667   0.028  -0.      0.338   0.143   0.066  -0.      0.11   -0.
    0.668   0.121   0.028   0.096   0.151  -0.      0.132   5.859   1.049
    0.436   0.544   0.06    0.897   3.66    2.859   0.215   0.781   1.603
   -0.      0.161   0.051   0.014   0.304  -0.      2.038   1.05    4.591
    0.278   0.742   2.752   3.323   4.895   0.394   0.761   0.      0.152
    0.021   0.009  -0.      0.059   0.012   0.083  -0.      0.784   0.132
    0.497   0.327   3.099]]
The size of cluster 0 is 92448
The size of cluster 1 is 46
The size of cluster 2 is 639
The size of cluster 3 is 3623
The inertia is 5495162.98302




The cluster centers for K=5
[[  0.024   0.119   0.035   0.002   0.078   0.08    0.016   0.142   0.093
    0.14   -0.      0.004   0.038   0.      0.095   0.001   0.01    0.003
    0.188   0.038   0.001   0.018   0.036   0.002   0.014   0.274   0.274
    0.125   0.061   0.002   0.076   0.225   0.155   0.018   0.088   0.081
    0.002   0.022   0.008   0.006   0.039   0.001   0.138   0.117   0.251
    0.028   0.086   0.187   0.214   0.294   0.046   0.075   0.003   0.034
    0.001   0.      0.007   0.007   0.      0.016   0.002   0.064   0.035
    0.098   0.045   0.195]
 [  0.011   0.327   0.017  -0.      0.101   0.181   0.002   0.438   0.21
    0.144  -0.     -0.      0.034  10.692   2.268  -0.     -0.     -0.
    0.461   0.164   0.      0.002   0.055  -0.      0.003   0.257   0.907
    0.36    0.132   0.003   0.072   0.336   0.238   0.034   0.041   0.122
   -0.      0.006  -0.     -0.     -0.     -0.      0.021   0.192   0.268
    0.029   0.073   0.036   0.057   0.166   0.015   0.048   0.      0.021
   -0.      0.     -0.      0.      0.      0.002  -0.      0.007   0.003
    0.083   0.022   0.24 ]
 [  0.159   0.803   0.384  -0.      0.326   0.721   0.086   0.473   0.443
    2.7     0.028  -0.      0.336   0.061   0.048  -0.      0.113  -0.
    0.659   0.121   0.028   0.098   0.151  -0.      0.134   5.951   1.036
    0.433   0.543   0.061   0.902   3.709   2.894   0.208   0.788   1.622
   -0.      0.157   0.052   0.014   0.311  -0.      2.065   1.052   4.648
    0.279   0.726   2.762   3.334   4.927   0.392   0.761   0.      0.141
    0.021   0.009  -0.      0.061   0.013   0.085  -0.      0.73    0.134
    0.499   0.327   3.135]
 [  0.098   0.384   0.052   0.      0.197   0.26    0.011   0.432   0.289
    0.423  24.131   1.252   0.245   0.274   0.178   0.469  -0.      0.
    0.662   0.054   0.13    0.017   0.085   0.      0.043   0.782   0.835
    0.355   0.197   0.008   0.165   0.773   0.478   0.087   0.377   0.314
    0.      0.121   0.033   0.      0.188   0.      0.626   0.405   0.791
    0.106   0.464   0.481   0.713   0.88    0.215   0.306  -0.      1.33
    0.      0.      0.      0.      0.005   0.011   0.9     0.106   0.042
    0.611   0.181   0.593]
 [ 21.208  19.784   4.668  -0.      0.     44.763   3.645   6.626  47.069
    6.838  -0.     -0.      0.      0.181   0.     -0.      0.     -0.
   10.017   3.616  -0.      3.646  21.887  -0.      3.557  41.364   8.891
    6.826  39.317   0.      1.18    2.185   4.34   -0.      2.341   1.837
   -0.      5.299  -0.     -0.      0.     -0.      0.068  38.198   8.191
   19.61    0.072   0.725   0.976   1.621  25.656  19.211  -0.      0.
    5.371  24.939  -0.     -0.     24.913   3.678  -0.      1.028  -0.     -0.
    0.048   7.616]]
The size of cluster 0 is 90136
The size of cluster 1 is 2399
The size of cluster 2 is 3536
The size of cluster 3 is 639
The size of cluster 4 is 46
The inertia is 5216299.66842




The cluster centers for K=6
[[  0.213   0.721   0.133   0.      0.435   0.872   0.049   0.509   0.378
    0.979   0.086  -0.      0.04    0.066   0.039   0.      0.214  -0.
    0.779   0.076  -0.      0.059   0.13    0.      0.087   2.629   1.189
    0.449   0.663   0.004   0.795   1.18    1.206   0.185   0.968   0.767
   -0.      0.207   0.071   0.036   0.815   0.      4.789   1.078   2.062
    0.263   0.839   6.476   7.368  11.248   0.544   1.026   0.      0.107
    0.003   0.011  -0.      0.051   0.015   0.049   0.      0.028   0.019
    0.172   0.052   1.146]
 [  0.011   0.328   0.019  -0.      0.092   0.185   0.003   0.442   0.212
    0.144  -0.     -0.      0.034  10.682   2.271  -0.     -0.     -0.
    0.469   0.166   0.      0.004   0.056  -0.      0.003   0.261   0.92
    0.362   0.136   0.003   0.086   0.34    0.241   0.035   0.043   0.125
   -0.      0.006  -0.     -0.     -0.     -0.      0.02    0.198   0.274
    0.035   0.074   0.032   0.052   0.173   0.022   0.058   0.      0.042
    0.002   0.001  -0.      0.012   0.      0.003  -0.      0.007   0.003
    0.083   0.022   0.241]
 [  0.088   0.748   0.534  -0.      0.245   0.562   0.111   0.392   0.459
    3.68    0.026  -0.      0.539   0.051   0.034  -0.      0.044  -0.
    0.494   0.15    0.044   0.123   0.15   -0.      0.15    7.682   0.784
    0.375   0.408   0.092   0.75    5.176   3.794   0.202   0.506   2.034
   -0.      0.108   0.028  -0.      0.07   -0.      0.363   0.911   5.955
    0.246   0.524   0.511   0.727   0.902   0.223   0.458   0.      0.088
    0.025   0.007  -0.      0.05    0.01    0.112   0.      1.404   0.202
    0.692   0.534   4.302]
 [  0.025   0.121   0.034   0.002   0.079   0.081   0.015   0.143   0.094
    0.138  -0.      0.004   0.037   0.      0.096   0.001   0.01    0.003
    0.19    0.037   0.001   0.017   0.036   0.002   0.014   0.274   0.277
    0.126   0.062   0.002   0.08    0.223   0.154   0.018   0.091   0.081
    0.002   0.022   0.008   0.006   0.037   0.001   0.136   0.119   0.252
    0.029   0.088   0.182   0.213   0.291   0.048   0.077   0.003   0.036
    0.001   0.      0.007   0.007   0.      0.015   0.002   0.057   0.035
    0.098   0.043   0.192]
 [  0.098   0.38    0.048   0.      0.178   0.254   0.011   0.43    0.289
    0.402  24.157   1.26    0.246   0.276   0.179   0.472  -0.      0.
    0.664   0.053   0.13    0.017   0.084   0.      0.041   0.728   0.836
    0.356   0.194   0.008   0.166   0.735   0.451   0.079   0.38    0.293
    0.      0.122   0.033   0.      0.189   0.      0.6     0.404   0.754
    0.107   0.464   0.445   0.661   0.815   0.214   0.306  -0.      1.339
    0.      0.      0.      0.      0.006   0.011   0.906   0.106   0.042
    0.61    0.182   0.571]
 [ 21.679  20.224   4.772  -0.      0.     44.861   3.726   6.774  47.273
    6.989  -0.     -0.      0.      0.185   0.     -0.      0.     -0.
   10.239   3.696  -0.      3.727  22.312  -0.      3.636  41.571   9.088
    6.978  39.562   0.      1.206   2.234   4.437  -0.      2.393   1.878
   -0.      5.417  -0.     -0.      0.     -0.      0.069  38.821   8.319
   19.574   0.074   0.741   0.998   1.657  26.227  19.486  -0.      0.
    5.49   25.494  -0.     -0.     25.467   3.759  -0.      1.05   -0.     -0.
    0.049   7.785]]
The size of cluster 0 is 1396
The size of cluster 1 is 2402
The size of cluster 2 is 2272
The size of cluster 3 is 90006
The size of cluster 4 is 635
The size of cluster 5 is 45
The inertia is 4972921.02663




The cluster centers for K=7
[[  0.209   0.728   0.133   0.      0.432   0.872   0.05    0.516   0.372
    0.987   0.088  -0.      0.041   0.061   0.037   0.      0.219  -0.
    0.782   0.077  -0.      0.061   0.123   0.      0.084   2.647   1.198
    0.454   0.663   0.004   0.801   1.179   1.216   0.189   0.966   0.777
   -0.      0.211   0.073   0.037   0.833   0.      4.858   1.079   2.078
    0.265   0.855   6.509   7.445  11.37    0.541   1.037   0.     -0.
    0.003   0.001  -0.      0.052   0.009   0.05    0.      0.029   0.019
    0.176   0.054   1.154]
 [  0.025   0.121   0.034   0.002   0.079   0.081   0.015   0.143   0.093
    0.138  -0.      0.004   0.037   0.      0.096   0.001   0.01    0.003
    0.189   0.037   0.001   0.017   0.036   0.002   0.014   0.273   0.277
    0.126   0.062   0.002   0.08    0.222   0.154   0.018   0.091   0.081
    0.002   0.022   0.008   0.006   0.037   0.001   0.136   0.119   0.251
    0.029   0.088   0.183   0.214   0.292   0.048   0.077   0.003   0.
    0.001   0.      0.007   0.007   0.001   0.015   0.002   0.056   0.035
    0.098   0.043   0.192]
 [ 21.679  20.224   4.772  -0.      0.     44.861   3.726   6.774  47.273
    6.989  -0.     -0.      0.      0.185   0.     -0.      0.     -0.
   10.239   3.696  -0.      3.727  22.312  -0.      3.636  41.571   9.088
    6.978  39.562   0.      1.206   2.234   4.437  -0.      2.393   1.878
   -0.      5.417  -0.     -0.      0.     -0.      0.069  38.821   8.319
   19.574   0.074   0.741   0.998   1.657  26.227  19.486  -0.      0.
    5.49   25.494  -0.     -0.     25.467   3.759  -0.      1.05   -0.     -0.
    0.049   7.785]
 [  0.099   0.374   0.049   0.      0.181   0.249   0.011   0.413   0.27
    0.411  24.071   1.042   0.24    0.28    0.175   0.16   -0.      0.
    0.647   0.054   0.133   0.017   0.084   0.      0.042   0.731   0.816
    0.341   0.193   0.008   0.168   0.758   0.469   0.085   0.378   0.305
    0.      0.122   0.033   0.      0.192   0.      0.606   0.401   0.762
    0.107   0.47    0.441   0.652   0.819   0.21    0.306  -0.      0.16
    0.      0.      0.      0.      0.006   0.011   0.921   0.103   0.043
    0.591   0.185   0.574]
 [  0.011   0.324   0.017  -0.      0.092   0.183   0.002   0.441   0.211
    0.143  -0.     -0.      0.034  10.684   2.269  -0.     -0.     -0.
    0.465   0.163   0.      0.002   0.055  -0.      0.003   0.26    0.913
    0.361   0.134   0.003   0.086   0.338   0.24    0.024   0.043   0.124
   -0.      0.006  -0.     -0.     -0.     -0.      0.02    0.196   0.272
    0.035   0.048   0.032   0.052   0.169   0.022   0.057   0.      0.
    0.002   0.001  -0.      0.012   0.      0.002  -0.      0.007   0.003
    0.083   0.022   0.239]
 [  0.11    0.779   0.156  -0.      0.167   0.368   0.034   0.579   0.913
    0.47    4.359   2.564   0.16    0.321   0.233   2.564   0.     -0.
    1.298   0.106  -0.      0.082   0.071  -0.      0.065   0.796   1.282
    0.526   0.252   0.      0.256   1.128   0.47    0.392   0.296   0.275
   -0.      0.032  -0.     -0.      0.     -0.      0.361   0.528   1.089
    0.066   2.35    0.539   0.547   0.892   0.186   0.296   0.     56.41
   -0.      0.     -0.     -0.     -0.      0.04   -0.      0.134   0.
    0.521   0.028   0.634]
 [  0.09    0.735   0.532  -0.      0.25    0.561   0.11    0.389   0.457
    3.657   0.017  -0.      0.534   0.051   0.034  -0.      0.044  -0.
    0.484   0.148   0.044   0.122   0.154  -0.      0.147   7.658   0.771
    0.371   0.408   0.091   0.764   5.126   3.767   0.199   0.503   2.016
   -0.      0.107   0.027  -0.      0.07   -0.      0.363   0.906   5.92
    0.245   0.478   0.513   0.721   0.904   0.225   0.456   0.      0.
    0.025   0.013  -0.      0.05    0.014   0.111   0.      1.401   0.201
    0.684   0.529   4.274]]
The size of cluster 0 is 1368
The size of cluster 1 is 89948
The size of cluster 2 is 45
The size of cluster 3 is 624
The size of cluster 4 is 2400
The size of cluster 5 is 78
The size of cluster 6 is 2293
The inertia is 4733897.78631




The cluster centers for K=8
[[  0.086   0.74    0.534  -0.      0.249   0.419   0.11    0.39    0.325
    3.665   0.017  -0.      0.58    0.05    0.033  -0.      0.043  -0.
    0.485   0.148   0.043   0.124   0.124  -0.      0.146   7.494   0.777
    0.372   0.313   0.09    0.756   5.131   3.754   0.21    0.535   2.012
   -0.      0.106   0.027  -0.      0.069  -0.      0.359   0.831   5.867
    0.135   0.475   0.51    0.729   0.9     0.207   0.4     0.      0.
    0.025   0.007  -0.      0.049   0.01    0.111   0.      1.418   0.219
    0.725   0.561   4.291]
 [ 64.5    35.713   0.      0.      0.     57.515   0.      0.     70.156
    0.      0.      0.      0.      0.     -0.      0.      0.      0.      0.
   -0.      0.     -0.     47.924   0.      0.     55.043   0.      0.
   65.515   0.      0.      0.      0.     -0.      0.      3.194   0.      0.
    0.      0.     -0.      0.      0.284  69.104   0.      0.     -0.     -0.
    0.      0.     66.755  22.101  -0.      0.     -0.     70.328   0.     -0.
   69.955  -0.      0.      0.      0.      0.      0.      0.   ]
 [  0.025   0.121   0.034   0.002   0.078   0.081   0.015   0.143   0.093
    0.137  -0.      0.004   0.036   0.      0.096   0.001   0.01    0.003
    0.189   0.037   0.001   0.017   0.036   0.002   0.014   0.273   0.277
    0.125   0.062   0.002   0.08    0.221   0.153   0.018   0.09    0.081
    0.002   0.023   0.008   0.006   0.037   0.001   0.136   0.119   0.25
    0.029   0.088   0.183   0.214   0.292   0.048   0.077   0.003   0.
    0.001   0.      0.007   0.007   0.001   0.015   0.002   0.056   0.034
    0.097   0.042   0.19 ]
 [  0.097   0.374   0.049   0.      0.181   0.248   0.011   0.412   0.27
    0.411  24.077   0.963   0.241   0.281   0.175   0.161  -0.      0.
    0.646   0.054   0.133   0.017   0.084   0.      0.042   0.726   0.817
    0.339   0.194   0.008   0.168   0.756   0.467   0.085   0.379   0.304
    0.      0.112   0.033   0.      0.193   0.      0.567   0.401   0.76
    0.107   0.471   0.426   0.638   0.801   0.202   0.303  -0.      0.161
    0.      0.      0.      0.      0.006   0.011   0.923   0.103   0.043
    0.592   0.185   0.573]
 [  0.011   0.324   0.017  -0.      0.092   0.183   0.002   0.441   0.211
    0.143  -0.     -0.      0.034  10.684   2.269  -0.     -0.     -0.
    0.465   0.163   0.      0.002   0.055  -0.      0.003   0.26    0.913
    0.361   0.134   0.003   0.086   0.338   0.24    0.024   0.043   0.124
   -0.      0.006  -0.     -0.     -0.     -0.      0.02    0.196   0.272
    0.035   0.048   0.032   0.052   0.169   0.022   0.057   0.      0.
    0.002   0.001  -0.      0.012   0.      0.002  -0.      0.007   0.003
    0.083   0.022   0.239]
 [  5.68   11.005   4.569  -0.      0.     37.077   3.567   6.547  35.182
    6.697  -0.     -0.      0.      0.355   0.097  -0.      0.     -0.
   10.046   3.545  -0.      3.568  11.436  -0.      3.482  32.264   9.002
    6.968  28.153   0.      2.857   2.217   4.372  -0.      2.291   1.628
   -0.      5.319  -0.     -0.      0.     -0.      0.     25.626  10.745
   26.028   0.071   0.925   1.702   2.376  10.248  18.712  -0.      0.
    5.257   7.949  -0.     -0.      8.011   3.599  -0.      1.006  -0.     -0.
    0.047   7.508]
 [  0.216   0.725   0.131   0.      0.432   0.846   0.05    0.514   0.375
    0.985   0.102   0.036   0.041   0.055   0.033   0.      0.219  -0.
    0.774   0.077  -0.      0.061   0.13    0.      0.084   2.651   1.188
    0.445   0.627   0.004   0.742   1.168   1.21    0.166   0.936   0.751
   -0.      0.21    0.073   0.036   0.832   0.      4.893   1.035   2.017
    0.189   0.854   6.52    7.397  11.358   0.548   0.938   0.     -0.
    0.003   0.011  -0.      0.052   0.015   0.05    0.      0.029   0.019
    0.176   0.054   1.149]
 [  0.11    0.779   0.156  -0.      0.167   0.368   0.034   0.579   0.913
    0.47    4.359   2.564   0.16    0.321   0.233   2.564   0.     -0.
    1.298   0.106  -0.      0.082   0.071  -0.      0.065   0.796   1.282
    0.526   0.252   0.      0.256   1.128   0.47    0.392   0.296   0.275
   -0.      0.032  -0.     -0.      0.     -0.      0.361   0.528   1.089
    0.066   2.35    0.539   0.547   0.892   0.186   0.296   0.     56.41
   -0.      0.     -0.     -0.     -0.      0.04   -0.      0.134   0.
    0.521   0.028   0.634]]
The size of cluster 0 is 2318
The size of cluster 1 is 11
The size of cluster 2 is 89909
The size of cluster 3 is 623
The size of cluster 4 is 2400
The size of cluster 5 is 47
The size of cluster 6 is 1370
The size of cluster 7 is 78
The inertia is 4545968.89694




The cluster centers for K=9
[[  0.025   0.121   0.034   0.002   0.078   0.08    0.015   0.143   0.093
    0.137  -0.      0.004   0.036   0.      0.096   0.001   0.01    0.003
    0.189   0.037   0.001   0.017   0.036   0.002   0.014   0.273   0.276
    0.125   0.062   0.002   0.08    0.221   0.153   0.018   0.09    0.081
    0.002   0.022   0.008   0.006   0.037   0.001   0.134   0.119   0.25
    0.029   0.088   0.18    0.211   0.288   0.047   0.077   0.003   0.
    0.001   0.      0.007   0.007   0.001   0.015   0.002   0.056   0.034
    0.097   0.042   0.19 ]
 [ 64.5    35.713   0.      0.      0.     57.515   0.      0.     70.156
    0.      0.      0.      0.      0.     -0.      0.      0.      0.      0.
   -0.      0.     -0.     47.924   0.      0.     55.043   0.      0.
   65.515   0.      0.      0.      0.     -0.      0.      3.194   0.      0.
    0.      0.     -0.      0.      0.284  69.104   0.      0.     -0.     -0.
    0.      0.     66.755  22.101  -0.      0.     -0.     70.328   0.     -0.
   69.955  -0.      0.      0.      0.      0.      0.      0.   ]
 [  5.882   6.131  -0.     -0.      0.     38.042   0.      0.066  34.803
    2.278  -0.     -0.      0.      0.189   0.103  -0.      0.     -0.
    0.259   0.007   0.      0.     12.061  -0.      3.673  31.143   0.321
    0.307  28.682   0.      1.818   0.083   1.845  -0.     -0.      0.792
   -0.      3.864  -0.     -0.      0.     -0.      0.     23.444   6.524
   29.275  -0.      0.231   0.798   0.843   8.476  17.756  -0.      0.      0.
    6.98   -0.     -0.      6.614  -0.     -0.     -0.     -0.     -0.     -0.
    2.33 ]
 [  0.207   0.703   0.134   0.      0.424   0.825   0.049   0.496   0.365
    0.968   0.082  -0.      0.039   0.052   0.031   0.      0.206  -0.
    0.749   0.076  -0.      0.06    0.127   0.      0.092   2.569   1.161
    0.433   0.612   0.004   0.702   1.149   1.175   0.177   0.963   0.732
   -0.      0.2     0.069   0.034   0.783   0.      4.703   1.014   1.979
    0.188   0.817   6.388   7.208  10.993   0.534   0.915   0.      0.
    0.003   0.01   -0.      0.049   0.014   0.049   0.      0.028   0.018
    0.167   0.051   1.132]
 [  1.357  41.247  35.79    0.      0.     21.165  27.943  50.801  30.051
   35.754   0.      0.     -0.      1.389   0.      0.      0.      0.
   76.793  27.722   0.     27.952   3.805   0.      0.337  31.771  68.162
   52.333  16.764   0.      9.048  16.754  20.719  -0.     17.949   6.946
    0.     13.333   0.      0.      0.      0.      0.     35.229  38.28
    1.9     0.556   5.556   7.484  12.426  18.116  21.842  -0.      0.
   41.176  11.083   0.      0.     14.25   28.196   0.      7.878   0.      0.
    0.37   41.724]
 [  0.099   0.374   0.049   0.      0.181   0.249   0.011   0.413   0.27
    0.411  24.071   1.042   0.24    0.28    0.175   0.16   -0.      0.
    0.647   0.054   0.133   0.017   0.084   0.      0.042   0.731   0.816
    0.341   0.193   0.008   0.168   0.758   0.469   0.085   0.378   0.305
    0.      0.122   0.033   0.      0.192   0.      0.606   0.401   0.762
    0.107   0.47    0.441   0.652   0.819   0.21    0.306  -0.      0.16
    0.      0.      0.      0.      0.006   0.011   0.921   0.103   0.043
    0.591   0.185   0.574]
 [  0.11    0.779   0.156  -0.      0.167   0.368   0.034   0.579   0.913
    0.47    4.359   2.564   0.16    0.321   0.233   2.564   0.     -0.
    1.298   0.106  -0.      0.082   0.071  -0.      0.065   0.796   1.282
    0.526   0.252   0.      0.256   1.128   0.47    0.392   0.296   0.275
   -0.      0.032  -0.     -0.      0.     -0.      0.361   0.528   1.089
    0.066   2.35    0.539   0.547   0.892   0.186   0.296   0.     56.41
   -0.      0.     -0.     -0.     -0.      0.04   -0.      0.134   0.
    0.521   0.028   0.634]
 [  0.011   0.324   0.017  -0.      0.092   0.183   0.002   0.441   0.211
    0.143  -0.     -0.      0.034  10.684   2.269  -0.     -0.     -0.
    0.465   0.163   0.      0.002   0.055  -0.      0.003   0.26    0.913
    0.361   0.134   0.003   0.086   0.338   0.24    0.024   0.043   0.124
   -0.      0.006  -0.     -0.     -0.     -0.      0.02    0.196   0.272
    0.035   0.048   0.032   0.052   0.169   0.022   0.057   0.      0.
    0.002   0.001  -0.      0.012   0.      0.002  -0.      0.007   0.003
    0.083   0.022   0.239]
 [  0.085   0.741   0.537  -0.      0.245   0.391   0.111   0.39    0.3
    3.689   0.017  -0.      0.588   0.051   0.034  -0.      0.044  -0.
    0.485   0.15    0.044   0.125   0.118  -0.      0.146   7.516   0.782
    0.373   0.294   0.091   0.766   5.176   3.787   0.199   0.494   2.024
   -0.      0.106   0.027  -0.      0.07   -0.      0.353   0.81    5.904
    0.102   0.478   0.496   0.715   0.883   0.204   0.384   0.      0.
    0.025   0.007  -0.      0.05    0.01    0.113   0.      1.437   0.219
    0.734   0.568   4.322]]
The size of cluster 0 is 89853
The size of cluster 1 is 11
The size of cluster 2 is 44
The size of cluster 3 is 1454
The size of cluster 4 is 6
The size of cluster 5 is 624
The size of cluster 6 is 78
The size of cluster 7 is 2400
The size of cluster 8 is 2286
The inertia is 4389486.5119




The cluster centers for K=10
[[  0.022   0.114   0.032   0.002   0.073   0.073   0.015   0.137   0.09
    0.13   -0.      0.004   0.036   0.      0.099   0.001   0.001   0.003
    0.181   0.038   0.001   0.017   0.035   0.002   0.013   0.258   0.263
    0.121   0.056   0.002   0.071   0.213   0.144   0.015   0.077   0.075
    0.002   0.019   0.006   0.006   0.014   0.001   0.074   0.107   0.234
    0.026   0.077   0.106   0.136   0.187   0.04    0.065   0.003   0.
    0.001   0.      0.007   0.006   0.      0.015   0.002   0.057   0.035
    0.098   0.043   0.182]
 [ 64.5    35.713   0.      0.      0.     57.515   0.      0.     70.156
    0.      0.      0.      0.      0.     -0.      0.      0.      0.      0.
   -0.      0.     -0.     47.924   0.      0.     55.043   0.      0.
   65.515   0.      0.      0.      0.     -0.      0.      3.194   0.      0.
    0.      0.     -0.      0.      0.284  69.104   0.      0.     -0.     -0.
    0.      0.     66.755  22.101  -0.      0.     -0.     70.328   0.     -0.
   69.955  -0.      0.      0.      0.      0.      0.      0.   ]
 [  0.098   0.37    0.049   0.      0.182   0.248   0.011   0.413   0.268
    0.388  24.084   1.045   0.241   0.281   0.175   0.161  -0.      0.
    0.647   0.054   0.133   0.017   0.083   0.      0.042   0.7     0.812
    0.341   0.193   0.008   0.168   0.714   0.45    0.08    0.367   0.29
    0.      0.123   0.033   0.      0.193   0.      0.608   0.397   0.736
    0.107   0.472   0.443   0.646   0.82    0.21    0.305  -0.      0.161
    0.      0.      0.      0.      0.006   0.011   0.924   0.082   0.043
    0.568   0.186   0.553]
 [  0.078   0.739   0.566   0.      0.186   0.397   0.106   0.396   0.299
    3.89    0.038  -0.      0.561   0.056   0.033   0.      0.048  -0.
    0.453   0.144   0.048   0.116   0.117   0.      0.154   7.952   0.761
    0.37    0.296   0.1     0.871   5.359   3.962   0.145   0.413   2.132
   -0.      0.096   0.012  -0.      0.048   0.      0.351   0.822   6.219
    0.115   0.405   0.494   0.729   0.89    0.201   0.389   0.      0.
    0.026   0.008  -0.      0.048   0.008   0.108   0.      1.521   0.218
    0.739   0.556   4.524]
 [  0.11    0.779   0.156  -0.      0.167   0.368   0.034   0.579   0.913
    0.47    4.359   2.564   0.16    0.321   0.233   2.564   0.     -0.
    1.298   0.106  -0.      0.082   0.071  -0.      0.065   0.796   1.282
    0.526   0.252   0.      0.256   1.128   0.47    0.392   0.296   0.275
   -0.      0.032  -0.     -0.      0.     -0.      0.361   0.528   1.089
    0.066   2.35    0.539   0.547   0.892   0.186   0.296   0.     56.41
   -0.      0.     -0.     -0.     -0.      0.04   -0.      0.134   0.
    0.521   0.028   0.634]
 [  5.882   6.131  -0.     -0.      0.     38.042   0.      0.066  34.803
    2.278  -0.     -0.      0.      0.189   0.103  -0.      0.     -0.
    0.259   0.007   0.      0.     12.061  -0.      3.673  31.143   0.321
    0.307  28.682   0.      1.818   0.083   1.845  -0.     -0.      0.792
   -0.      3.864  -0.     -0.      0.     -0.      0.     23.444   6.524
   29.275  -0.      0.231   0.798   0.843   8.476  17.756  -0.      0.      0.
    6.98   -0.     -0.      6.614  -0.     -0.     -0.     -0.     -0.     -0.
    2.33 ]
 [  0.011   0.325   0.017  -0.      0.102   0.182   0.002   0.439   0.211
    0.143  -0.     -0.      0.034  10.693   2.273  -0.     -0.     -0.
    0.466   0.164   0.      0.002   0.055  -0.      0.003   0.259   0.914
    0.362   0.133   0.003   0.077   0.338   0.24    0.024   0.043   0.124
   -0.      0.006  -0.     -0.     -0.     -0.      0.02    0.193   0.268
    0.031   0.048   0.032   0.057   0.166   0.016   0.049   0.      0.
    0.002   0.001  -0.      0.012   0.      0.002  -0.      0.007   0.003
    0.083   0.022   0.24 ]
 [  0.136   0.416   0.103  -0.      0.323   0.417   0.031   0.342   0.231
    0.546  -0.     -0.      0.059   0.01    0.015  -0.      0.264  -0.
    0.501   0.05    0.001   0.039   0.078  -0.      0.061   1.144   0.762
    0.299   0.315   0.003   0.37    0.728   0.643   0.15    0.633   0.353
   -0.      0.141   0.074   0.012   0.725  -0.      2.44    0.564   1.063
    0.125   0.508   3.154   3.344   4.549   0.319   0.491   0.     -0.
    0.006   0.004  -0.      0.055   0.005   0.031  -0.      0.037   0.032
    0.115   0.057   0.659]
 [  1.357  41.247  35.79    0.      0.     21.165  27.943  50.801  30.051
   35.754   0.      0.     -0.      1.389   0.      0.      0.      0.
   76.793  27.722   0.     27.952   3.805   0.      0.337  31.771  68.162
   52.333  16.764   0.      9.048  16.754  20.719  -0.     17.949   6.946
    0.     13.333   0.      0.      0.      0.      0.     35.229  38.28
    1.9     0.556   5.556   7.484  12.426  18.116  21.842  -0.      0.
   41.176  11.083   0.      0.     14.25   28.196   0.      7.878   0.      0.
    0.37   41.724]
 [  0.384   1.386   0.143   0.      0.538   1.529   0.088   0.806   0.64
    1.762   0.412  -0.      0.086   0.115   0.094   0.      0.     -0.
    1.431   0.124   0.      0.103   0.203   0.      0.132   5.747   2.141
    0.754   1.156   0.011   1.407   2.137   2.234   0.344   1.586   1.639
   -0.      0.344   0.     -0.      0.893   0.      8.086   2.061   3.906
    0.28    1.676  11.071  13.11   23.503   1.036   1.985  -0.     -0.     -0.
   -0.     -0.      0.049   0.027   0.09    0.      0.031   0.046   0.43
    0.069   2.035]]
The size of cluster 0 is 87055
The size of cluster 1 is 11
The size of cluster 2 is 622
The size of cluster 3 is 2084
The size of cluster 4 is 78
The size of cluster 5 is 44
The size of cluster 6 is 2398
The size of cluster 7 is 4167
The size of cluster 8 is 6
The size of cluster 9 is 291
The inertia is 4258301.54999




The cluster centers for K=11
[[  0.011   0.324   0.017  -0.      0.093   0.182   0.002   0.439   0.21
    0.142  -0.     -0.      0.034  10.687   2.272  -0.     -0.     -0.
    0.465   0.163   0.      0.002   0.055  -0.      0.003   0.259   0.912
    0.361   0.132   0.003   0.077   0.338   0.239   0.024   0.043   0.123
   -0.      0.006  -0.     -0.     -0.     -0.      0.018   0.192   0.267
    0.031   0.047   0.026   0.05    0.162   0.016   0.049   0.      0.
    0.002   0.001  -0.      0.012   0.      0.002  -0.      0.007   0.003
    0.083   0.022   0.239]
 [  0.021   0.112   0.032   0.002   0.072   0.071   0.015   0.136   0.089
    0.128  -0.      0.003   0.036   0.      0.099   0.001  -0.      0.003
    0.179   0.037   0.001   0.017   0.035   0.001   0.013   0.255   0.261
    0.12    0.055   0.002   0.069   0.211   0.142   0.015   0.074   0.074
    0.002   0.019   0.006   0.006   0.013   0.001   0.068   0.105   0.23
    0.026   0.075   0.096   0.126   0.175   0.039   0.064   0.003   0.
    0.001   0.      0.007   0.006   0.      0.015   0.002   0.058   0.034
    0.097   0.043   0.18 ]
 [  0.096   0.37    0.049   0.      0.182   0.248   0.011   0.412   0.268
    0.389  24.09    0.966   0.242   0.282   0.176   0.161  -0.      0.
    0.646   0.054   0.133   0.017   0.083   0.      0.042   0.695   0.813
    0.339   0.194   0.008   0.169   0.712   0.448   0.081   0.367   0.29
    0.      0.113   0.034   0.      0.193   0.      0.569   0.397   0.734
    0.108   0.472   0.427   0.632   0.802   0.202   0.303  -0.      0.161
    0.      0.      0.      0.      0.006   0.011   0.926   0.082   0.043
    0.569   0.186   0.552]
 [  0.078   0.739   0.562   0.      0.169   0.409   0.107   0.389   0.317
    3.899   0.039  -0.      0.568   0.057   0.033   0.     -0.     -0.
    0.451   0.145   0.049   0.117   0.123   0.      0.154   8.011   0.762
    0.37    0.306   0.101   0.727   5.365   3.971   0.143   0.413   2.13
   -0.      0.093   0.012  -0.      0.058   0.      0.349   0.819   6.239
    0.126   0.403   0.48    0.708   0.856   0.191   0.382   0.      0.
    0.027   0.008  -0.      0.049   0.008   0.109   0.      1.536   0.22
    0.745   0.561   4.541]
 [  6.89    8.404   0.28   -0.      0.     39.043   0.      0.437  35.101
    3.187  -0.     -0.      0.      0.379   0.103  -0.      0.     -0.
    0.978   0.026   0.      0.     12.753  -0.      3.719  31.614   1.078
    0.568  29.944   0.      3.052   2.356   4.117  -0.     -0.      1.597
   -0.      5.682  -0.     -0.      0.     -0.      0.     25.171   8.636
   28.545   0.076   0.988   1.818   2.538  11.111  19.929  -0.      0.      0.
    8.064  -0.     -0.      7.557  -0.     -0.     -0.     -0.     -0.     -0.
    3.422]
 [ 67.33   39.284   0.      0.      0.     59.688   0.      0.     72.778
    0.      0.      0.      0.      0.     -0.      0.      0.      0.      0.
   -0.      0.     -0.     48.361   0.      0.     57.031   0.      0.
   67.856   0.      0.      0.      0.     -0.      0.      3.514   0.      0.
    0.      0.     -0.      0.      0.312  71.652   0.      0.     -0.     -0.
    0.      0.     68.647  22.869  -0.      0.     -0.     72.589   0.     -0.
   72.8    -0.     -0.      0.      0.      0.      0.      0.   ]
 [  0.131   0.404   0.097  -0.      0.318   0.395   0.028   0.335   0.224
    0.521  -0.      0.011   0.057   0.009   0.015  -0.     -0.     -0.
    0.489   0.046   0.001   0.034   0.076   0.022   0.056   1.086   0.739
    0.291   0.298   0.002   0.396   0.706   0.618   0.14    0.621   0.345
   -0.      0.136   0.069   0.011   0.604  -0.      2.158   0.543   1.031
    0.124   0.495   2.887   3.042   4.111   0.306   0.466   0.     -0.
    0.006   0.004  -0.      0.049   0.005   0.028  -0.      0.036   0.037
    0.118   0.057   0.634]
 [  0.343   1.241   0.192   0.      0.487   1.361   0.108   0.739   0.572
    1.692   0.365   0.13    0.114   0.152   0.095   0.     -0.      0.
    1.276   0.15    0.      0.133   0.178   0.      0.11    5.024   1.91
    0.681   1.026   0.009   1.753   2.052   2.203   0.275   1.422   1.507
    0.      0.316   0.      0.      0.833   0.      8.049   1.859   3.56
    0.283   1.487  10.243  11.969  20.709   0.933   1.766  -0.     -0.     -0.
   -0.      0.      0.037   0.021   0.108   0.      0.028   0.035   0.334
    0.061   1.906]
 [  0.11    0.779   0.156  -0.      0.167   0.368   0.034   0.579   0.913
    0.47    4.359   2.564   0.16    0.321   0.233   2.564   0.     -0.
    1.298   0.106  -0.      0.082   0.071  -0.      0.065   0.796   1.282
    0.526   0.252   0.      0.256   1.128   0.47    0.392   0.296   0.275
   -0.      0.032  -0.     -0.      0.     -0.      0.361   0.528   1.089
    0.066   2.35    0.539   0.547   0.892   0.186   0.296   0.     56.41
   -0.      0.     -0.     -0.     -0.      0.04   -0.      0.134   0.
    0.521   0.028   0.634]
 [  0.     29.496  40.488   0.      0.     16.193  33.531  57.692  34.04
   34.905   0.      0.      0.      0.      0.      0.      0.      0.
   85.823  33.092   0.     33.542   4.41    0.      0.     34.844  75.128
   60.5    11.813   0.      0.      0.105   4.863  -0.     21.538   1.252
    0.      0.      0.      0.      0.      0.      0.     31.043  25.936
    0.     -0.      0.      0.      0.      8.116   6.21    0.      0.
   49.412  13.299   0.      0.     17.1    33.835  -0.      9.453   0.      0.
    0.444  40.46 ]
 [  0.104   0.418   0.074   0.      0.      0.415   0.      0.518   0.311
    0.664  -0.      0.      0.      0.     -0.      0.    100.      0.
    0.487   0.033   0.     -0.      0.074   0.      0.544   1.082   0.69
    0.269   0.375   0.      0.      0.805   0.685  -0.      0.      0.306
    0.      0.769   0.      0.     16.923   0.      0.962   0.936   1.74
    0.12    1.026   0.78    1.567   2.213   0.743   0.809  -0.     -0.     -0.
   -0.      0.     -0.      0.038  -0.      0.      0.02    0.      0.      0.
    0.92 ]]
The size of cluster 0 is 2397
The size of cluster 1 is 86509
The size of cluster 2 is 621
The size of cluster 3 is 2059
The size of cluster 4 is 44
The size of cluster 5 is 10
The size of cluster 6 is 4636
The size of cluster 7 is 384
The size of cluster 8 is 78
The size of cluster 9 is 5
The size of cluster 10 is 13
The inertia is 4129615.7523




The cluster centers for K=12
[[  0.362   1.253   0.185   0.      0.388   1.377   0.077   0.71    0.558
    1.693   0.417   0.149   0.13    0.074   0.054   0.     -0.     -0.
    1.221   0.106   0.      0.09    0.169   0.      0.099   5.236   1.839
    0.664   1.038   0.01    1.154   1.73    2.059   0.265   1.549   1.391
   -0.      0.301   0.     -0.      0.357   0.      8.547   1.842   3.535
    0.258   1.617  10.87   12.26   21.913   0.946   1.77   -0.     -0.     -0.
   -0.     -0.      0.043   0.024   0.078   0.      0.03    0.04    0.363
    0.069   1.871]
 [  0.022   0.113   0.032   0.002   0.072   0.071   0.013   0.137   0.089
    0.125  -0.      0.003   0.04    0.      0.099   0.001  -0.      0.003
    0.18    0.036   0.001   0.015   0.035   0.001   0.012   0.235   0.262
    0.12    0.055   0.002   0.067   0.213   0.144   0.015   0.074   0.075
    0.002   0.019   0.006   0.006   0.      0.001   0.068   0.105   0.225
    0.026   0.075   0.098   0.128   0.177   0.039   0.064   0.003   0.
    0.001   0.      0.007   0.006   0.      0.014   0.002   0.062   0.036
    0.1     0.047   0.179]
 [  0.068   0.438   0.566   0.      0.154   0.316   0.217   0.339   0.271
    3.462   0.     -0.      0.064   0.029   0.021   0.     -0.     -0.
    0.341   0.246   0.057   0.23    0.117   0.      0.133   9.298   0.579
    0.324   0.241   0.003   1.288   1.415   1.681   0.133   0.284   0.934
   -0.      0.101   0.012  -0.     -0.      0.      0.243   0.64    5.295
    0.137   0.2     0.412   0.631   0.927   0.176   0.312   0.      0.
    0.025   0.014  -0.      0.008   0.013   0.222   0.      0.441   0.107
    0.282   0.108   3.833]
 [ 64.5    35.713   0.      0.      0.     57.515   0.      0.     70.156
    0.      0.      0.      0.      0.     -0.      0.      0.      0.      0.
   -0.      0.     -0.     47.924   0.      0.     55.043   0.      0.
   65.515   0.      0.      0.      0.     -0.      0.      3.194   0.      0.
    0.      0.     -0.      0.      0.284  69.104   0.      0.     -0.     -0.
    0.      0.     66.755  22.101  -0.      0.     -0.     70.328   0.     -0.
   69.955  -0.      0.      0.      0.      0.      0.      0.   ]
 [  5.882   6.131  -0.     -0.      0.     38.042   0.      0.066  34.803
    2.278  -0.     -0.      0.      0.189   0.103  -0.      0.     -0.
    0.259   0.007   0.      0.     12.061  -0.      3.673  31.143   0.321
    0.307  28.682   0.      1.818   0.083   1.845  -0.     -0.      0.792
   -0.      3.864  -0.     -0.      0.     -0.      0.     23.444   6.524
   29.275  -0.      0.231   0.798   0.843   8.476  17.756  -0.      0.      0.
    6.98   -0.     -0.      6.614  -0.     -0.     -0.     -0.     -0.     -0.
    2.33 ]
 [  0.11    0.779   0.156  -0.      0.167   0.368   0.034   0.579   0.913
    0.47    4.359   2.564   0.16    0.321   0.233   2.564   0.     -0.
    1.298   0.106  -0.      0.082   0.071  -0.      0.065   0.796   1.282
    0.526   0.252   0.      0.256   1.128   0.47    0.392   0.296   0.275
   -0.      0.032  -0.     -0.      0.     -0.      0.361   0.528   1.089
    0.066   2.35    0.539   0.547   0.892   0.186   0.296   0.     56.41
   -0.      0.     -0.     -0.     -0.      0.04   -0.      0.134   0.
    0.521   0.028   0.634]
 [  0.133   0.431   0.095  -0.      0.319   0.405   0.031   0.343   0.225
    0.532  -0.      0.011   0.07    0.009   0.02   -0.     -0.     -0.
    0.507   0.05    0.001   0.037   0.074   0.023   0.047   0.985   0.761
    0.296   0.305   0.003   0.3     0.731   0.682   0.133   0.634   0.373
   -0.      0.126   0.068   0.011   0.     -0.      2.303   0.548   1.035
    0.117   0.504   2.983   3.158   4.212   0.297   0.459   0.     -0.
    0.006   0.001  -0.      0.052   0.003   0.03   -0.      0.04    0.036
    0.139   0.07    0.656]
 [  1.357  41.247  35.79    0.      0.     21.165  27.943  50.801  30.051
   35.754   0.      0.     -0.      1.389   0.      0.      0.      0.
   76.793  27.722   0.     27.952   3.805   0.      0.337  31.771  68.162
   52.333  16.764   0.      9.048  16.754  20.719  -0.     17.949   6.946
    0.     13.333   0.      0.      0.      0.      0.     35.229  38.28
    1.9     0.556   5.556   7.484  12.426  18.116  21.842  -0.      0.
   41.176  11.083   0.      0.     14.25   28.196   0.      7.878   0.      0.
    0.37   41.724]
 [  0.096   0.366   0.047   0.      0.182   0.245   0.011   0.409   0.267
    0.4    24.097   0.968   0.232   0.269   0.176   0.161  -0.      0.
    0.649   0.053   0.134   0.017   0.083   0.      0.033   0.7     0.796
    0.336   0.193   0.008   0.169   0.7     0.452   0.04    0.372   0.3
    0.      0.103   0.034   0.      0.097   0.      0.559   0.391   0.756
    0.109   0.432   0.444   0.61    0.794   0.19    0.3    -0.      0.161
    0.      0.      0.      0.      0.006   0.011   0.927   0.077   0.043
    0.565   0.165   0.555]
 [  0.089   0.357   0.08   -0.      0.214   0.394   0.001   0.336   0.282
    0.487   0.219   0.      0.102   0.046   0.     -0.      7.104   0.
    0.443   0.019  -0.      0.004   0.087  -0.      0.508   0.995   0.757
    0.309   0.308   0.004   0.13    0.667   0.479   0.288   0.336   0.322
    0.      0.437   0.      0.     24.918  -0.      0.666   0.753   1.135
    0.108   1.208   1.267   2.072   2.465   0.737   0.853   0.     -0.     -0.
    0.006   0.     -0.      0.008   0.001   0.      0.059   0.      0.137
    0.091   0.638]
 [  0.085   1.07    0.41    0.      0.166   0.475   0.001   0.323   0.277
    3.794   0.1     0.      1.009   0.083   0.045   0.     -0.      0.
    0.533   0.029  -0.      0.005   0.096   0.      0.166   4.462   0.892
    0.344   0.356   0.326   0.298  14.358   8.327   0.189   0.644   4.445
    0.      0.064   0.042   0.      0.      0.      0.515   1.077   6.997
    0.08    0.658   0.632   0.912   1.083   0.219   0.528  -0.     -0.
    0.02    0.007   0.      0.143   0.006   0.001  -0.      3.353   0.244
    1.258   0.967   4.704]
 [  0.012   0.331   0.017  -0.      0.105   0.183   0.002   0.444   0.213
    0.146  -0.     -0.      0.047  10.69    2.27   -0.     -0.     -0.
    0.471   0.164   0.      0.002   0.055  -0.      0.003   0.261   0.923
    0.362   0.133   0.003   0.077   0.342   0.245   0.024   0.046   0.126
   -0.      0.006  -0.     -0.     -0.     -0.      0.02    0.195   0.273
    0.031   0.049   0.033   0.059   0.166   0.016   0.05    0.      0.
    0.002   0.001  -0.      0.012   0.      0.002  -0.      0.009   0.003
    0.096   0.038   0.249]]
The size of cluster 0 is 336
The size of cluster 1 is 86333
The size of cluster 2 is 1751
The size of cluster 3 is 11
The size of cluster 4 is 44
The size of cluster 5 is 78
The size of cluster 6 is 4392
The size of cluster 7 is 6
The size of cluster 8 is 620
The size of cluster 9 is 183
The size of cluster 10 is 601
The size of cluster 11 is 2401
The inertia is 4030416.45475




The cluster centers for K=13
[[  0.022   0.114   0.031   0.002   0.073   0.073   0.014   0.138   0.09
    0.126  -0.      0.004   0.03    0.      0.099   0.001  -0.      0.003
    0.181   0.036   0.001   0.015   0.035   0.002   0.012   0.234   0.264
    0.121   0.056   0.002   0.068   0.216   0.146   0.015   0.077   0.076
    0.002   0.019   0.006   0.006   0.018   0.001   0.075   0.107   0.227
    0.026   0.078   0.108   0.138   0.191   0.04    0.066   0.003   0.
    0.001   0.      0.007   0.006   0.      0.014   0.002   0.047   0.033
    0.09    0.037   0.176]
 [  0.011   0.327   0.017  -0.      0.101   0.184   0.002   0.441   0.213
    0.145  -0.     -0.      0.018  10.692   2.27   -0.     -0.     -0.
    0.465   0.164   0.      0.002   0.055  -0.      0.003   0.261   0.922
    0.361   0.135   0.003   0.086   0.34    0.244   0.023   0.045   0.126
   -0.      0.006  -0.     -0.     -0.     -0.      0.02    0.197   0.275
    0.035   0.047   0.033   0.059   0.168   0.022   0.057   0.      0.
    0.002   0.001  -0.      0.012   0.      0.002  -0.      0.007   0.003
    0.07    0.02    0.239]
 [  5.882   6.131  -0.     -0.      0.     38.042   0.      0.066  34.803
    2.278  -0.     -0.      0.      0.189   0.103  -0.      0.     -0.
    0.259   0.007   0.      0.     12.061  -0.      3.673  31.143   0.321
    0.307  28.682   0.      1.818   0.083   1.845  -0.     -0.      0.792
   -0.      3.864  -0.     -0.      0.     -0.      0.     23.444   6.524
   29.275  -0.      0.231   0.798   0.843   8.476  17.756  -0.      0.      0.
    6.98   -0.     -0.      6.614  -0.     -0.     -0.     -0.     -0.     -0.
    2.33 ]
 [ 64.5    35.713   0.      0.      0.     57.515   0.      0.     70.156
    0.      0.      0.      0.      0.     -0.      0.      0.      0.      0.
   -0.      0.     -0.     47.924   0.      0.     55.043   0.      0.
   65.515   0.      0.      0.      0.     -0.      0.      3.194   0.      0.
    0.      0.     -0.      0.      0.284  69.104   0.      0.     -0.     -0.
    0.      0.     66.755  22.101  -0.      0.     -0.     70.328   0.     -0.
   69.955  -0.      0.      0.      0.      0.      0.      0.   ]
 [  0.072   0.444   0.531   0.      0.204   0.321   0.202   0.341   0.273
    3.307  -0.     -0.      0.013   0.027   0.02    0.     -0.     -0.
    0.351   0.228   0.054   0.215   0.114   0.      0.128   9.032   0.593
    0.32    0.248   0.004   1.249   1.553   1.795   0.127   0.323   0.997
   -0.      0.1     0.011  -0.      0.054   0.      0.259   0.657   5.271
    0.138   0.211   0.428   0.639   0.958   0.185   0.33    0.      0.
    0.023   0.013  -0.      0.008   0.012   0.207   0.      0.221   0.075
    0.143   0.044   3.643]
 [  0.103   1.095   0.298   0.      0.172   0.529   0.001   0.286   0.273
    3.936   0.125   0.      0.078   0.087   0.066   0.     -0.      0.
    0.522   0.018  -0.      0.002   0.091   0.      0.206   4.812   0.913
    0.347   0.391   0.41    0.373  16.073   9.262   0.457   0.929   4.987
    0.      0.078   0.13    0.      0.      0.      0.703   1.243   7.673
    0.096   0.796   0.722   1.033   1.185   0.226   0.623  -0.     -0.
    0.029   0.008   0.      0.208   0.007   0.001   0.      0.282   0.028
    0.299   0.106   4.465]
 [  0.138   0.442   0.103  -0.      0.308   0.421   0.027   0.348   0.232
    0.558  -0.     -0.      0.035   0.008   0.022  -0.     -0.     -0.
    0.511   0.047   0.001   0.034   0.075  -0.      0.061   1.018   0.773
    0.3     0.316   0.003   0.303   0.753   0.688   0.12    0.637   0.368
   -0.      0.137   0.063   0.013   0.64   -0.      2.623   0.565   1.065
    0.113   0.56    3.287   3.471   4.662   0.318   0.484   0.     -0.
    0.005   0.001  -0.      0.054   0.003   0.027  -0.      0.036   0.035
    0.12    0.049   0.669]
 [  1.357  41.247  35.79    0.      0.     21.165  27.943  50.801  30.051
   35.754   0.      0.     -0.      1.389   0.      0.      0.      0.
   76.793  27.722   0.     27.952   3.805   0.      0.337  31.771  68.162
   52.333  16.764   0.      9.048  16.754  20.719  -0.     17.949   6.946
    0.     13.333   0.      0.      0.      0.      0.     35.229  38.28
    1.9     0.556   5.556   7.484  12.426  18.116  21.842  -0.      0.
   41.176  11.083   0.      0.     14.25   28.196   0.      7.878   0.      0.
    0.37   41.724]
 [  0.104   0.418   0.074   0.      0.      0.415   0.      0.518   0.311
    0.664  -0.      0.      0.      0.     -0.      0.    100.      0.
    0.487   0.033   0.     -0.      0.074   0.      0.544   1.082   0.69
    0.269   0.375   0.      0.      0.805   0.685  -0.      0.      0.306
    0.      0.769   0.      0.     16.923   0.      0.962   0.936   1.74
    0.12    1.026   0.78    1.567   2.213   0.743   0.809  -0.     -0.     -0.
   -0.      0.     -0.      0.038  -0.      0.      0.02    0.      0.      0.
    0.92 ]
 [  0.102   0.371   0.048   0.      0.168   0.25    0.011   0.413   0.27
    0.403  24.084   1.045   0.221   0.281   0.175   0.161  -0.      0.
    0.651   0.054   0.133   0.017   0.083   0.      0.042   0.71    0.81
    0.342   0.193   0.008   0.168   0.719   0.463   0.08    0.367   0.303
    0.      0.123   0.033   0.      0.193   0.      0.618   0.401   0.765
    0.108   0.472   0.464   0.648   0.829   0.211   0.306  -0.      0.161
    0.      0.      0.      0.      0.006   0.011   0.924   0.076   0.043
    0.538   0.163   0.56 ]
 [  0.046   1.211   1.048  -0.      0.199   0.281   0.053   0.639   0.385
    2.788   0.102   0.      9.486   0.212   0.046  -0.     -0.      0.
    0.855   0.182  -0.      0.084   0.181  -0.      0.      2.136   1.158
    0.528   0.214   0.008   0.015   2.727   1.884   0.028   0.13    1.082
    0.     -0.      0.      0.     -0.     -0.      0.222   0.341   2.123
    0.029   0.124   0.162   0.207   0.369   0.039   0.092   0.     -0.     -0.
   -0.      0.     -0.     -0.      0.05    0.     18.016   2.2     9.708
    8.144   6.389]
 [  0.11    0.779   0.156  -0.      0.167   0.368   0.034   0.579   0.913
    0.47    4.359   2.564   0.16    0.321   0.233   2.564   0.     -0.
    1.298   0.106  -0.      0.082   0.071  -0.      0.065   0.796   1.282
    0.526   0.252   0.      0.256   1.128   0.47    0.392   0.296   0.275
   -0.      0.032  -0.     -0.      0.     -0.      0.361   0.528   1.089
    0.066   2.35    0.539   0.547   0.892   0.186   0.296   0.     56.41
   -0.      0.     -0.     -0.     -0.      0.04   -0.      0.134   0.
    0.521   0.028   0.634]
 [  0.35    1.237   0.147   0.      0.457   1.592   0.1     0.756   0.639
    1.794   0.467  -0.      0.073   0.065   0.018   0.      0.     -0.
    1.423   0.133   0.      0.117   0.195   0.      0.141   6.247   2.095
    0.745   1.214   0.013   1.26    1.829   2.123   0.303   1.477   1.612
   -0.      0.379   0.     -0.      0.778   0.      7.502   2.13    3.989
    0.3     1.561  11.47   13.873  24.796   1.092   2.058  -0.     -0.     -0.
   -0.     -0.      0.056   0.031   0.101   0.      0.028  -0.      0.401
    0.056   2.066]]
The size of cluster 0 is 86819
The size of cluster 1 is 2399
The size of cluster 2 is 44
The size of cluster 3 is 11
The size of cluster 4 is 1859
The size of cluster 5 is 480
The size of cluster 6 is 3971
The size of cluster 7 is 6
The size of cluster 8 is 13
The size of cluster 9 is 622
The size of cluster 10 is 197
The size of cluster 11 is 78
The size of cluster 12 is 257
The inertia is 3904974.21053




The cluster centers for K=14
[[  0.021   0.112   0.03    0.002   0.073   0.071   0.013   0.137   0.089
    0.123  -0.      0.003   0.029   0.      0.099   0.001  -0.      0.003
    0.18    0.036   0.001   0.015   0.035   0.001   0.012   0.23    0.262
    0.12    0.055   0.002   0.067   0.215   0.144   0.015   0.075   0.074
    0.002   0.019   0.006   0.006   0.      0.001   0.068   0.105   0.221
    0.026   0.075   0.1     0.131   0.18    0.039   0.064   0.003   0.
    0.001   0.      0.007   0.006   0.      0.013   0.002   0.047   0.033
    0.089   0.037   0.173]
 [ 64.5    35.713   0.      0.      0.     57.515   0.      0.     70.156
    0.      0.      0.      0.      0.     -0.      0.      0.      0.      0.
   -0.      0.     -0.     47.924   0.      0.     55.043   0.      0.
   65.515   0.      0.      0.      0.     -0.      0.      3.194   0.      0.
    0.      0.     -0.      0.      0.284  69.104   0.      0.     -0.     -0.
    0.      0.     66.755  22.101  -0.      0.     -0.     70.328   0.     -0.
   69.955  -0.      0.      0.      0.      0.      0.      0.   ]
 [  0.104   0.418   0.074   0.      0.      0.415   0.      0.518   0.311
    0.664  -0.      0.      0.      0.     -0.      0.    100.      0.
    0.487   0.033   0.     -0.      0.074   0.      0.544   1.082   0.69
    0.269   0.375   0.      0.      0.805   0.685  -0.      0.      0.306
    0.      0.769   0.      0.     16.923   0.      0.962   0.936   1.74
    0.12    1.026   0.78    1.567   2.213   0.743   0.809  -0.     -0.     -0.
   -0.      0.     -0.      0.038  -0.      0.      0.02    0.      0.      0.
    0.92 ]
 [  0.045   1.209   1.025  -0.      0.193   0.291   0.061   0.639   0.393
    2.76    0.099   0.      9.329   0.205   0.045  -0.     -0.      0.
    0.885   0.191  -0.      0.092   0.179  -0.      0.      2.101   1.162
    0.522   0.224   0.008   0.014   2.726   1.893   0.041   0.126   1.069
    0.     -0.      0.      0.     -0.     -0.      0.231   0.346   2.113
    0.028   0.12    0.164   0.223   0.374   0.043   0.094   0.     -0.     -0.
   -0.      0.     -0.     -0.      0.054   0.     17.614   2.2     9.667
    8.183   6.348]
 [  0.135   0.423   0.096  -0.      0.319   0.408   0.031   0.34    0.223
    0.528  -0.      0.012   0.025   0.01    0.017  -0.     -0.     -0.
    0.498   0.049   0.001   0.038   0.074   0.024   0.047   0.972   0.752
    0.292   0.306   0.003   0.301   0.738   0.671   0.132   0.627   0.369
   -0.      0.128   0.068   0.012   0.     -0.      2.403   0.549   1.021
    0.117   0.517   3.041   3.207   4.303   0.301   0.464   0.     -0.
    0.006   0.001  -0.      0.054   0.003   0.031  -0.      0.033   0.033
    0.109   0.041   0.639]
 [  0.11    0.779   0.156  -0.      0.167   0.368   0.034   0.579   0.913
    0.47    4.359   2.564   0.16    0.321   0.233   2.564   0.     -0.
    1.298   0.106  -0.      0.082   0.071  -0.      0.065   0.796   1.282
    0.526   0.252   0.      0.256   1.128   0.47    0.392   0.296   0.275
   -0.      0.032  -0.     -0.      0.     -0.      0.361   0.528   1.089
    0.066   2.35    0.539   0.547   0.892   0.186   0.296   0.     56.41
   -0.      0.     -0.     -0.     -0.      0.04   -0.      0.134   0.
    0.521   0.028   0.634]
 [  6.209   8.599   0.286  -0.      0.     39.119   0.      0.447  34.895
    3.261  -0.     -0.      0.      0.388   0.106  -0.      0.     -0.
    1.001   0.027   0.      0.     12.037  -0.      3.805  31.532   1.103
    0.581  29.661   0.      3.123   2.411   4.213  -0.     -0.      1.634
   -0.      5.814  -0.     -0.      0.     -0.      0.     24.742   8.837
   29.208   0.078   1.011   1.86    2.597  10.257  20.056  -0.      0.      0.
    7.142  -0.     -0.      6.767  -0.     -0.     -0.     -0.     -0.     -0.
    3.502]
 [  0.107   1.063   0.294   0.      0.141   0.483   0.001   0.296   0.279
    4.452   0.139   0.      0.072   0.096   0.074   0.     -0.      0.
    0.533   0.02   -0.      0.002   0.082   0.      0.229   5.261   0.938
    0.358   0.355   0.438   0.377  16.916   9.557   0.276   0.772   5.173
    0.      0.084   0.058   0.     -0.      0.      0.745   1.243   8.159
    0.102   0.846   0.765   1.148   1.251   0.224   0.609  -0.     -0.
    0.027   0.009   0.      0.198   0.008   0.001   0.      0.275   0.031
    0.326   0.098   4.875]
 [  0.011   0.327   0.017  -0.      0.102   0.182   0.002   0.441   0.212
    0.145  -0.     -0.      0.018  10.693   2.271  -0.     -0.     -0.
    0.465   0.164   0.      0.002   0.055  -0.      0.003   0.261   0.921
    0.362   0.133   0.003   0.077   0.34    0.244   0.023   0.045   0.125
   -0.      0.006  -0.     -0.     -0.     -0.      0.02    0.194   0.271
    0.031   0.047   0.033   0.059   0.166   0.017   0.05    0.      0.
    0.002   0.001  -0.      0.012   0.      0.002  -0.      0.007   0.003
    0.07    0.02    0.239]
 [  0.     29.496  40.488   0.      0.     16.193  33.531  57.692  34.04
   34.905   0.      0.      0.      0.      0.      0.      0.      0.
   85.823  33.092   0.     33.542   4.41    0.      0.     34.844  75.128
   60.5    11.813   0.      0.      0.105   4.863  -0.     21.538   1.252
    0.      0.      0.      0.      0.      0.      0.     31.043  25.936
    0.     -0.      0.      0.      0.      8.116   6.21    0.      0.
   49.412  13.299   0.      0.     17.1    33.835  -0.      9.453   0.      0.
    0.444  40.46 ]
 [  0.073   0.471   0.524   0.      0.15    0.346   0.206   0.337   0.287
    3.165  -0.     -0.      0.016   0.026   0.026   0.     -0.     -0.
    0.349   0.231   0.051   0.217   0.122   0.      0.133   8.725   0.589
    0.319   0.27    0.007   1.199   1.659   1.88    0.124   0.34    1.037
   -0.      0.098   0.011  -0.     -0.      0.      0.243   0.671   5.202
    0.157   0.21    0.409   0.607   0.899   0.19    0.336   0.      0.
    0.022   0.014  -0.      0.007   0.013   0.21    0.      0.219   0.072
    0.145   0.049   3.523]
 [  0.095   0.364   0.047   0.      0.169   0.246   0.011   0.408   0.268
    0.4    24.11    0.971   0.212   0.27    0.177   0.162  -0.      0.
    0.649   0.053   0.134   0.017   0.082   0.      0.031   0.701   0.797
    0.337   0.193   0.008   0.17    0.701   0.453   0.04    0.369   0.301
    0.      0.103   0.034   0.      0.065   0.      0.561   0.391   0.755
    0.109   0.433   0.443   0.597   0.788   0.191   0.299  -0.      0.162
    0.      0.      0.      0.      0.006   0.011   0.93    0.072   0.043
    0.531   0.142   0.548]
 [  0.09    0.351   0.08   -0.      0.229   0.39    0.001   0.326   0.278
    0.473   0.351   0.      0.11    0.049   0.     -0.     -0.      0.
    0.437   0.018  -0.      0.004   0.087  -0.      0.508   0.982   0.757
    0.31    0.301   0.005   0.139   0.652   0.463   0.309   0.36    0.322
    0.      0.409   0.      0.     25.497  -0.      0.64    0.738   1.085
    0.106   1.215   1.305   2.145   2.502   0.732   0.854   0.     -0.     -0.
    0.006   0.     -0.      0.006   0.001   0.      0.062   0.      0.146
    0.097   0.614]
 [  0.336   1.163   0.182   0.      0.399   1.371   0.079   0.712   0.556
    1.691   0.428   0.153   0.134   0.051   0.028   0.      0.     -0.
    1.196   0.109   0.      0.093   0.17    0.      0.102   5.352   1.819
    0.662   1.038   0.01    1.185   1.656   1.979   0.255   1.404   1.358
   -0.      0.306   0.     -0.      0.367   0.      8.104   1.838   3.542
    0.261   1.492  10.996  12.44   22.261   0.965   1.783  -0.     -0.     -0.
   -0.     -0.      0.044   0.024   0.08    0.      0.031   0.041   0.363
    0.071   1.855]]
The size of cluster 0 is 86262
The size of cluster 1 is 11
The size of cluster 2 is 13
The size of cluster 3 is 203
The size of cluster 4 is 4250
The size of cluster 5 is 78
The size of cluster 6 is 43
The size of cluster 7 is 432
The size of cluster 8 is 2398
The size of cluster 9 is 5
The size of cluster 10 is 1945
The size of cluster 11 is 618
The size of cluster 12 is 171
The size of cluster 13 is 327
The inertia is 3802079.19757




The cluster centers for K=15
[[  0.106   0.56    0.273  -0.      0.363   0.317   0.07    0.336   0.234
    1.51   -0.      0.01    0.133   0.006   0.049  -0.     -0.     -0.
    0.482   0.102   0.019   0.078   0.079  -0.      0.047   2.149   0.732
    0.313   0.244   0.007   0.298   2.295   1.685   0.157   0.607   0.885
   -0.      0.08    0.054  -0.      0.     -0.      0.262   0.548   2.403
    0.09    0.544   0.344   0.57    0.655   0.185   0.33    0.     -0.
    0.008   0.003  -0.      0.025   0.002   0.069   0.005   0.295   0.117
    0.404   0.171   1.822]
 [  6.209   8.599   0.286  -0.      0.     39.119   0.      0.447  34.895
    3.261  -0.     -0.      0.      0.388   0.106  -0.      0.     -0.
    1.001   0.027   0.      0.     12.037  -0.      3.805  31.532   1.103
    0.581  29.661   0.      3.123   2.411   4.213  -0.     -0.      1.634
   -0.      5.814  -0.     -0.      0.     -0.      0.     24.742   8.837
   29.208   0.078   1.011   1.86    2.597  10.257  20.056  -0.      0.      0.
    7.142  -0.     -0.      6.767  -0.     -0.     -0.     -0.     -0.     -0.
    3.502]
 [  0.042   1.221   1.052  -0.      0.2     0.291   0.053   0.652   0.392
    2.864   0.102   0.      9.439   0.213   0.046  -0.     -0.      0.
    0.865   0.181  -0.      0.085   0.182  -0.      0.      2.138   1.164
    0.533   0.218   0.004   0.015   2.754   1.885   0.014   0.157   1.073
    0.     -0.      0.      0.     -0.     -0.      0.223   0.346   2.117
    0.026   0.113   0.2     0.243   0.405   0.042   0.095   0.     -0.     -0.
   -0.      0.     -0.     -0.      0.051   0.     18.044   2.721   9.758
    8.09    6.453]
 [  0.01    0.322   0.017  -0.      0.102   0.183   0.002   0.438   0.212
    0.142  -0.     -0.      0.016  10.694   2.272  -0.     -0.     -0.
    0.463   0.164   0.      0.002   0.055  -0.      0.003   0.26    0.914
    0.361   0.134   0.003   0.086   0.337   0.24    0.023   0.042   0.125
   -0.      0.006  -0.     -0.     -0.     -0.      0.02    0.195   0.27
    0.035   0.047   0.033   0.057   0.168   0.022   0.057   0.      0.
    0.002   0.001  -0.      0.012   0.      0.002  -0.      0.007   0.003
    0.068   0.018   0.236]
 [  0.138   0.424   0.093  -0.      0.304   0.445   0.033   0.353   0.239
    0.533  -0.     -0.      0.029   0.015   0.016  -0.     -0.     -0.
    0.541   0.05    0.001   0.042   0.074  -0.      0.051   1.122   0.782
    0.293   0.336   0.003   0.299   0.648   0.622   0.062   0.557   0.331
   -0.      0.135   0.04    0.018  -0.     -0.      3.44    0.566   1.043
    0.109   0.474   4.162   4.216   5.845   0.334   0.488   0.      0.
    0.001   0.001  -0.      0.031   0.004   0.033  -0.      0.03    0.038
    0.127   0.042   0.634]
 [  0.097   0.364   0.047   0.      0.169   0.246   0.011   0.409   0.268
    0.399  24.103   1.05    0.212   0.269   0.176   0.162  -0.      0.
    0.65    0.053   0.134   0.017   0.082   0.      0.031   0.706   0.795
    0.339   0.193   0.008   0.169   0.702   0.455   0.04    0.369   0.301
    0.      0.113   0.034   0.      0.065   0.      0.601   0.391   0.757
    0.109   0.433   0.459   0.611   0.806   0.199   0.301  -0.      0.162
    0.      0.      0.      0.      0.006   0.011   0.929   0.072   0.043
    0.53    0.142   0.549]
 [  0.116   1.097   0.316   0.      0.137   0.525   0.001   0.304   0.257
    4.693   0.172  -0.      0.072   0.096   0.091   0.     -0.     -0.
    0.575   0.02    0.      0.002   0.084   0.      0.261   5.78    0.814
    0.375   0.386   0.542   0.468  18.216  10.72    0.319   0.899   5.907
   -0.      0.072   0.072  -0.     -0.      0.      0.808   1.424   8.939
    0.115   0.875   0.929   1.251   1.385   0.219   0.679  -0.     -0.
    0.034   0.012  -0.      0.246   0.01    0.001   0.      0.296   0.038
    0.314   0.083   5.301]
 [  0.071   0.516   0.516   0.      0.152   0.429   0.278   0.414   0.383
    3.759  -0.     -0.      0.014   0.046   0.005   0.      0.     -0.
    0.368   0.304  -0.      0.292   0.172   0.      0.185  13.417   0.684
    0.391   0.326   0.004   2.205   1.218   1.579   0.055   0.188   0.908
   -0.      0.143  -0.     -0.      0.      0.      0.372   0.793   6.377
    0.224   0.188   0.554   0.763   1.394   0.237   0.413  -0.     -0.
    0.047   0.027  -0.      0.016   0.025   0.286  -0.      0.133   0.015
    0.102   0.027   4.026]
 [  0.319   1.194   0.123  -0.      0.139   1.963   0.028   0.752   0.625
    1.914   0.769   0.      0.04    0.053   0.029  -0.     -0.      0.
    1.29    0.045  -0.      0.03    0.219  -0.      0.11    7.888   2.161
    0.875   1.436   0.016   1.215   2.071   2.472   0.427   1.693   1.859
    0.      0.296   0.      0.      0.385  -0.      7.232   2.424   4.242
    0.382   1.588  12.402  16.722  31.074   0.941   2.296   0.     -0.     -0.
    0.      0.      0.092   0.026   0.026  -0.      0.029   0.      0.22
    0.043   2.253]
 [  0.     29.496  40.488   0.      0.     16.193  33.531  57.692  34.04
   34.905   0.      0.      0.      0.      0.      0.      0.      0.
   85.823  33.092   0.     33.542   4.41    0.      0.     34.844  75.128
   60.5    11.813   0.      0.      0.105   4.863  -0.     21.538   1.252
    0.      0.      0.      0.      0.      0.      0.     31.043  25.936
    0.     -0.      0.      0.      0.      8.116   6.21    0.      0.
   49.412  13.299   0.      0.     17.1    33.835  -0.      9.453   0.      0.
    0.444  40.46 ]
 [  0.02    0.097   0.024   0.002   0.062   0.065   0.012   0.13    0.085
    0.082  -0.      0.004   0.024   0.      0.1     0.001   0.      0.004
    0.169   0.034   0.001   0.013   0.033   0.002   0.011   0.181   0.247
    0.114   0.051   0.001   0.062   0.135   0.092   0.013   0.061   0.048
    0.002   0.018   0.005   0.007   0.      0.001   0.081   0.093   0.159
    0.025   0.061   0.12    0.144   0.202   0.036   0.059   0.003   0.
    0.001   0.      0.007   0.006   0.      0.012   0.002   0.035   0.028
    0.073   0.03    0.122]
 [ 64.5    35.713   0.      0.      0.     57.515   0.      0.     70.156
    0.      0.      0.      0.      0.     -0.      0.      0.      0.      0.
   -0.      0.     -0.     47.924   0.      0.     55.043   0.      0.
   65.515   0.      0.      0.      0.     -0.      0.      3.194   0.      0.
    0.      0.     -0.      0.      0.284  69.104   0.      0.     -0.     -0.
    0.      0.     66.755  22.101  -0.      0.     -0.     70.328   0.     -0.
   69.955  -0.      0.      0.      0.      0.      0.      0.   ]
 [  0.11    0.779   0.156  -0.      0.167   0.368   0.034   0.579   0.913
    0.47    4.359   2.564   0.16    0.321   0.233   2.564   0.     -0.
    1.298   0.106  -0.      0.082   0.071  -0.      0.065   0.796   1.282
    0.526   0.252   0.      0.256   1.128   0.47    0.392   0.296   0.275
   -0.      0.032  -0.     -0.      0.     -0.      0.361   0.528   1.089
    0.066   2.35    0.539   0.547   0.892   0.186   0.296   0.     56.41
   -0.      0.     -0.     -0.     -0.      0.04   -0.      0.134   0.
    0.521   0.028   0.634]
 [  0.104   0.418   0.074   0.      0.      0.415   0.      0.518   0.311
    0.664  -0.      0.      0.      0.     -0.      0.    100.      0.
    0.487   0.033   0.     -0.      0.074   0.      0.544   1.082   0.69
    0.269   0.375   0.      0.      0.805   0.685  -0.      0.      0.306
    0.      0.769   0.      0.     16.923   0.      0.962   0.936   1.74
    0.12    1.026   0.78    1.567   2.213   0.743   0.809  -0.     -0.     -0.
   -0.      0.     -0.      0.038  -0.      0.      0.02    0.      0.      0.
    0.92 ]
 [  0.094   0.354   0.081  -0.      0.225   0.387   0.003   0.337   0.325
    0.515   0.345   0.      0.108   0.048   0.     -0.     -0.      0.
    0.444   0.023  -0.      0.009   0.087  -0.      0.511   1.042   0.781
    0.307   0.299   0.005   0.137   0.665   0.498   0.303   0.398   0.352
    0.      0.431   0.      0.     25.402  -0.      0.7     0.741   1.131
    0.104   1.207   1.491   2.442   2.675   0.733   0.852   0.     -0.     -0.
    0.006   0.     -0.      0.006   0.005   0.      0.061   0.      0.144
    0.096   0.659]]
The size of cluster 0 is 5127
The size of cluster 1 is 43
The size of cluster 2 is 196
The size of cluster 3 is 2397
The size of cluster 4 is 2804
The size of cluster 5 is 619
The size of cluster 6 is 348
The size of cluster 7 is 916
The size of cluster 8 is 156
The size of cluster 9 is 5
The size of cluster 10 is 83869
The size of cluster 11 is 11
The size of cluster 12 is 78
The size of cluster 13 is 13
The size of cluster 14 is 174
The inertia is 3717231.79422




The cluster centers for K=16
[[  0.02    0.098   0.024 ...,   0.073   0.031   0.124]
 [  6.209   8.599   0.286 ...,  -0.     -0.      3.502]
 [  0.07    0.518   0.515 ...,   0.126   0.03    4.126]
 ..., 
 [  0.094   0.354   0.081 ...,   0.144   0.096   0.659]
 [  0.045   1.272   1.042 ...,  10.273   8.699   6.309]
 [  0.112   1.136   0.3   ...,   0.319   0.086   5.443]]
The size of cluster 0 is 84055
The size of cluster 1 is 43
The size of cluster 2 is 921
The size of cluster 3 is 156
The size of cluster 4 is 2805
The size of cluster 5 is 11
The size of cluster 6 is 619
The size of cluster 7 is 78
The size of cluster 8 is 2396
The size of cluster 9 is 13
The size of cluster 10 is 1
The size of cluster 11 is 4
The size of cluster 12 is 4976
The size of cluster 13 is 174
The size of cluster 14 is 181
The size of cluster 15 is 323
The inertia is 3659619.40571




The cluster centers for K=17
[[ 0.019  0.097  0.024 ...,  0.074  0.031  0.124]
 [ 0.11   0.779  0.156 ...,  0.521  0.028  0.634]
 [ 6.209  8.599  0.286 ..., -0.    -0.     3.502]
 ..., 
 [ 0.09   0.351  0.08  ...,  0.146  0.097  0.614]
 [ 0.071  0.518  0.561 ...,  0.13   0.032  4.407]
 [ 0.38   1.496  0.23  ...,  0.36   0.064  1.891]]
The size of cluster 0 is 83167
The size of cluster 1 is 78
The size of cluster 2 is 43
The size of cluster 3 is 618
The size of cluster 4 is 11
The size of cluster 5 is 133
The size of cluster 6 is 2394
The size of cluster 7 is 3767
The size of cluster 8 is 13
The size of cluster 9 is 334
The size of cluster 10 is 51
The size of cluster 11 is 187
The size of cluster 12 is 4591
The size of cluster 13 is 5
The size of cluster 14 is 171
The size of cluster 15 is 863
The size of cluster 16 is 330
The inertia is 3562368.63231




The cluster centers for K=18
[[  0.02    0.098   0.024 ...,   0.067   0.027   0.122]
 [  0.09    0.363   0.048 ...,   0.554   0.155   0.552]
 [  0.075   0.586   0.528 ...,   0.16    0.034   4.579]
 ..., 
 [  0.     29.496  40.488 ...,   0.      0.444  40.46 ]
 [  0.214   0.891   0.107 ...,   0.274   0.049   2.146]
 [ 69.683  37.872   0.    ...,   0.     -0.      0.   ]]
The size of cluster 0 is 83772
The size of cluster 1 is 615
The size of cluster 2 is 859
The size of cluster 3 is 15
The size of cluster 4 is 345
The size of cluster 5 is 2862
The size of cluster 6 is 78
The size of cluster 7 is 88
The size of cluster 8 is 13
The size of cluster 9 is 4910
The size of cluster 10 is 133
The size of cluster 11 is 175
The size of cluster 12 is 29
The size of cluster 13 is 2397
The size of cluster 14 is 337
The size of cluster 15 is 5
The size of cluster 16 is 114
The size of cluster 17 is 9
The inertia is 3488962.85464




The cluster centers for K=19
[[ 0.02   0.098  0.024 ...,  0.073  0.03   0.123]
 [ 0.     0.     0.    ...,  0.    -0.     0.   ]
 [ 0.096  0.38   0.081 ...,  0.143  0.095  0.688]
 ..., 
 [ 0.104  0.418  0.074 ...,  0.     0.     0.92 ]
 [ 0.326  0.981  0.219 ...,  0.272  0.06   1.045]
 [ 0.109  0.573  0.283 ...,  0.331  0.126  1.86 ]]
The size of cluster 0 is 83899
The size of cluster 1 is 9
The size of cluster 2 is 175
The size of cluster 3 is 613
The size of cluster 4 is 78
The size of cluster 5 is 109
The size of cluster 6 is 10
The size of cluster 7 is 2484
The size of cluster 8 is 324
The size of cluster 9 is 154
The size of cluster 10 is 119
The size of cluster 11 is 2396
The size of cluster 12 is 38
The size of cluster 13 is 5
The size of cluster 14 is 59
The size of cluster 15 is 839
The size of cluster 16 is 13
The size of cluster 17 is 482
The size of cluster 18 is 4950
The inertia is 3414158.11617




The cluster centers for K=20
[[ 0.02   0.098  0.024 ...,  0.07   0.03   0.125]
 [ 0.102  1.182  0.344 ...,  0.623  0.193  6.716]
 [ 6.313  2.74  -0.    ..., -0.    -0.     2.456]
 ..., 
 [ 0.094  0.354  0.081 ...,  0.144  0.096  0.659]
 [ 0.017  0.971  0.048 ...,  0.06   0.035  0.656]
 [ 0.11   0.779  0.156 ...,  0.521  0.028  0.634]]
The size of cluster 0 is 83989
The size of cluster 1 is 316
The size of cluster 2 is 41
The size of cluster 3 is 126
The size of cluster 4 is 11
The size of cluster 5 is 533
The size of cluster 6 is 4534
The size of cluster 7 is 3
The size of cluster 8 is 932
The size of cluster 9 is 112
The size of cluster 10 is 2241
The size of cluster 11 is 81
The size of cluster 12 is 2946
The size of cluster 13 is 352
The size of cluster 14 is 5
The size of cluster 15 is 112
The size of cluster 16 is 13
The size of cluster 17 is 174
The size of cluster 18 is 157
The size of cluster 19 is 78
The inertia is 3333433.96731




The cluster centers for K=21
[[ 0.101  0.316  0.077 ...,  0.099  0.034  0.564]
 [ 0.02   0.098  0.024 ...,  0.073  0.031  0.124]
 [ 0.09   0.342  0.043 ...,  0.55   0.125  0.528]
 ..., 
 [ 0.274  1.546  0.182 ...,  0.512  0.055  2.272]
 [ 0.017  0.971  0.048 ...,  0.06   0.035  0.656]
 [ 0.094  0.354  0.081 ...,  0.144  0.096  0.659]]
The size of cluster 0 is 2632
The size of cluster 1 is 83847
The size of cluster 2 is 585
The size of cluster 3 is 11
The size of cluster 4 is 856
The size of cluster 5 is 2239
The size of cluster 6 is 78
The size of cluster 7 is 321
The size of cluster 8 is 13
The size of cluster 9 is 9
The size of cluster 10 is 6
The size of cluster 11 is 185
The size of cluster 12 is 55
The size of cluster 13 is 484
The size of cluster 14 is 117
The size of cluster 15 is 36
The size of cluster 16 is 4860
The size of cluster 17 is 30
The size of cluster 18 is 61
The size of cluster 19 is 157
The size of cluster 20 is 174
The inertia is 3281365.50571




The cluster centers for K=22
[[  0.02    0.098   0.023 ...,   0.073   0.03    0.123]
 [  7.998   7.997   0.015 ...,  -0.     -0.      2.728]
 [ 67.33   39.284   0.    ...,   0.      0.      0.   ]
 ..., 
 [  0.104   0.418   0.074 ...,   0.      0.      0.92 ]
 [  0.013   0.625   0.031 ...,   0.099   0.035   0.441]
 [  0.089   0.399   0.244 ...,   0.251   0.212   0.634]]
The size of cluster 0 is 83757
The size of cluster 1 is 37
The size of cluster 2 is 10
The size of cluster 3 is 30
The size of cluster 4 is 582
The size of cluster 5 is 109
The size of cluster 6 is 481
The size of cluster 7 is 1951
The size of cluster 8 is 78
The size of cluster 9 is 834
The size of cluster 10 is 174
The size of cluster 11 is 2473
The size of cluster 12 is 61
The size of cluster 13 is 9
The size of cluster 14 is 181
The size of cluster 15 is 6
The size of cluster 16 is 120
The size of cluster 17 is 323
The size of cluster 18 is 4887
The size of cluster 19 is 13
The size of cluster 20 is 441
The size of cluster 21 is 199
The inertia is 3198798.41313




The cluster centers for K=23
[[  0.019   0.097   0.023 ...,   0.072   0.031   0.121]
 [  0.09    1.06    0.291 ...,   0.31    0.092   4.983]
 [ 67.33   39.284   0.    ...,   0.      0.      0.   ]
 ..., 
 [  0.094   0.356   0.081 ...,   0.145   0.096   0.66 ]
 [  3.017  33.333   4.101 ...,   0.      0.     28.966]
 [  0.089   0.399   0.244 ...,   0.251   0.212   0.634]]
The size of cluster 0 is 83390
The size of cluster 1 is 363
The size of cluster 2 is 10
The size of cluster 3 is 2237
The size of cluster 4 is 831
The size of cluster 5 is 2719
The size of cluster 6 is 532
The size of cluster 7 is 5014
The size of cluster 8 is 127
The size of cluster 9 is 78
The size of cluster 10 is 37
The size of cluster 11 is 481
The size of cluster 12 is 9
The size of cluster 13 is 187
The size of cluster 14 is 81
The size of cluster 15 is 4
The size of cluster 16 is 13
The size of cluster 17 is 155
The size of cluster 18 is 112
The size of cluster 19 is 1
The size of cluster 20 is 173
The size of cluster 21 is 3
The size of cluster 22 is 199
The inertia is 3144485.24248




The cluster centers for K=24
[[  0.065   0.308   0.174 ...,   0.171   0.116   0.483]
 [  0.02    0.098   0.024 ...,   0.074   0.031   0.125]
 [  0.112   0.614   0.287 ...,   0.357   0.125   1.951]
 ..., 
 [  0.067   0.294   0.41  ...,   0.106   0.027   2.223]
 [  0.079   1.48    1.087 ...,   0.427   0.076  13.565]
 [  0.447   1.494   0.271 ...,   0.363   0.092   1.435]]
The size of cluster 0 is 401
The size of cluster 1 is 83556
The size of cluster 2 is 4304
The size of cluster 3 is 305
The size of cluster 4 is 30
The size of cluster 5 is 42
The size of cluster 6 is 13
The size of cluster 7 is 10
The size of cluster 8 is 2237
The size of cluster 9 is 58
The size of cluster 10 is 78
The size of cluster 11 is 3050
The size of cluster 12 is 1
The size of cluster 13 is 4
The size of cluster 14 is 153
The size of cluster 15 is 173
The size of cluster 16 is 1
The size of cluster 17 is 582
The size of cluster 18 is 127
The size of cluster 19 is 155
The size of cluster 20 is 118
The size of cluster 21 is 912
The size of cluster 22 is 205
The size of cluster 23 is 241
The inertia is 3081843.64318




